6  100  90  3  30
  0 -73.995258  40.678542 0.0  0 490 610
  1 -73.978194  40.639401 0.0  0 490 610
  2 -73.996022  40.696257 0.0  0 490 610
  3 -74.008677  40.725468 0.0  0 490 610
  4 -73.965434  40.782431 0.0  0 490 610
  5 -73.978194  40.639401 0.0  0 490 610
  6 -73.965635  40.768614 0.5  1 506 516
  7 -73.885594  40.813915 0.5  1 515 525
  8 -73.988457  40.775785 0.5  1 571 581
  9  -73.87344  40.774851 0.5  1 507 517
 10 -73.916166  40.830608 0.5  1 516 526
 11 -73.965635  40.768614 0.5  1 558 568
 12 -73.997244  40.720832 0.5  1 507 517
 13 -73.965635  40.768614 0.5  1 580 590
 14 -74.002947  40.641535 0.5  1 492 502
 15 -73.882567   40.65882 0.5  1 524 534
 16 -73.961707  40.688765 0.5  1 544 554
 17 -73.978732  40.784025 0.5  1 511 521
 18 -73.965635  40.768614 0.5  1 539 549
 19 -73.997183  40.728533 0.5  1 506 516
 20 -73.973031  40.791783 0.5  1 555 565
 21 -73.916166  40.830608 0.5  1 561 571
 22 -73.965635  40.768614 0.5  1 497 507
 23 -73.959634  40.766952 0.5  1 524 534
 24 -73.916166  40.830608 0.5  1 554 564
 25 -73.977041  40.764387 0.5  1 541 551
 26 -73.984196  40.759817 0.5  1 515 525
 27 -74.137434  40.625692 0.5  1 506 516
 28 -73.973031  40.791783 0.5  1 572 582
 29 -73.997183  40.728533 0.5  1 547 557
 30 -73.988457  40.775785 0.5  1 502 512
 31 -73.973031  40.791783 0.5  1 522 532
 32 -73.983021    40.7153 0.5  1 531 541
 33 -73.959634  40.766952 0.5  1 575 585
 34 -73.901393  40.827988 0.5  1 490 500
 35 -73.990457  40.740237 0.5  1 565 575
 36 -73.978732  40.784025 0.5  1 548 558
 37 -73.916166  40.830608 0.5  1 505 515
 38 -73.847186  40.781984 0.5  1 520 530
 39 -73.984196  40.759817 0.5  1 521 531
 40 -73.965635  40.768614 0.5  1 559 569
 41 -73.880543  40.894773 0.5  1 511 521
 42 -73.988457  40.775785 0.5  1 532 542
 43 -73.808445  40.768657 0.5  1 490 500
 44 -73.972471   40.75684 0.5  1 543 553
 45 -73.983021    40.7153 0.5  1 560 570
 46 -73.973031  40.791783 0.5  1 495 505
 47 -73.882555  40.684691 0.5  1 522 532
 48 -73.978732  40.784025 0.5  1 521 531
 49 -73.880543  40.894773 0.5  1 537 547
 50 -73.957942  40.620074 0.5  1 584 594
 51 -73.961707  40.688765 0.5  1 515 525
 52 -73.885594  40.813915 0.5  1 541 551
 53 -73.916166  40.830608 0.5  1 548 558
 54 -73.957942  40.620074 0.5  1 575 585
 55 -73.973031  40.791783 0.5  1 522 532
 56  -73.87344  40.774851 0.0  0 580 595
 57 -74.100696  40.628387 0.0  0 575 590
 58 -73.961707  40.688765 0.0  0 591 606
 59 -73.977648  40.747725 0.0  0 576 591
 60 -74.009958  40.653593 0.0  0 556 571
 61 -73.978732  40.784025 0.0  0 585 600
 62 -73.973031  40.791783 0.5 -1 512 522
 63 -73.949629  40.746582 0.5 -1 521 531
 64 -73.985684  40.749083 0.5 -1 576 586
 65 -73.808445  40.768657 0.5 -1 514 524
 66 -73.972471   40.75684 0.5 -1 526 536
 67  -73.87344  40.774851 0.5 -1 572 582
 68 -73.972471   40.75684 0.5 -1 516 526
 69 -73.965635  40.768614 0.5 -1 585 595
 70 -74.137434  40.625692 0.5 -1 517 527
 71 -73.973031  40.791783 0.5 -1 532 542
 72 -73.977041  40.764387 0.5 -1 553 563
 73 -73.880543  40.894773 0.5 -1 516 526
 74 -73.973031  40.791783 0.5 -1 544 554
 75 -73.916383   40.85371 0.5 -1 510 520
 76 -73.977041  40.764387 0.5 -1 559 569
 77 -73.916383   40.85371 0.5 -1 566 576
 78 -73.973031  40.791783 0.5 -1 501 511
 79 -73.972471   40.75684 0.5 -1 533 543
 80 -73.829514  40.873436 0.5 -1 561 571
 81 -73.808445  40.768657 0.5 -1 548 558
 82  -73.87344  40.774851 0.5 -1 523 533
 83 -73.949629  40.746582 0.5 -1 522 532
 84 -73.984196  40.759817 0.5 -1 580 590
 85 -73.949629  40.746582 0.5 -1 553 563
 86 -73.959634  40.766952 0.5 -1 513 523
 87 -73.880543  40.894773 0.5 -1 537 547
 88 -73.983021    40.7153 0.5 -1 534 544
 89 -73.965635  40.768614 0.5 -1 583 593
 90 -73.973031  40.791783 0.5 -1 505 515
 91 -73.961707  40.688765 0.5 -1 573 583
 92 -73.959634  40.766952 0.5 -1 561 571
 93 -73.973031  40.791783 0.5 -1 525 535
 94 -73.977041  40.764387 0.5 -1 538 548
 95 -73.977041  40.764387 0.5 -1 529 539
 96 -73.916383   40.85371 0.5 -1 576 586
 97 -73.977041  40.764387 0.5 -1 526 536
 98 -73.808445  40.768657 0.5 -1 549 559
 99 -73.982816  40.588917 0.5 -1 494 504
100 -73.977041  40.764387 0.5 -1 548 558
101 -73.916383   40.85371 0.5 -1 569 579
102 -73.942966  40.820965 0.5 -1 510 520
103 -73.945636   40.66728 0.5 -1 529 539
104 -73.978732  40.784025 0.5 -1 527 537
105 -73.880543  40.894773 0.5 -1 546 556
106 -73.808445  40.768657 0.5 -1 587 597
107 -73.961707  40.688765 0.5 -1 516 526
108 -73.922505  40.829183 0.5 -1 552 562
109 -73.990457  40.740237 0.5 -1 564 574
110 -73.972471   40.75684 0.5 -1 580 590
111 -73.977041  40.764387 0.5 -1 525 535