3  40  90  3  30
 0 -74.072566  40.599043 0.0  0 490 610
 1 -73.978194  40.639401 0.0  0 490 610
 2 -73.978194  40.639401 0.0  0 490 610
 3 -73.951008  40.778766 0.5  1 571 576
 4  -73.98153  40.773659 0.5  1 494 499
 5 -73.714486  40.743532 0.5  1 576 581
 6 -73.959634  40.766952 0.5  1 512 517
 7 -73.916166  40.830608 0.5  1 528 533
 8 -73.880543  40.894773 0.5  1 524 529
 9 -73.978732  40.784025 0.5  1 575 580
10  -73.98153  40.773659 0.5  1 522 527
11 -73.961707  40.688765 0.5  1 498 503
12 -73.982816  40.588917 0.5  1 506 511
13 -73.973031  40.791783 0.5  1 522 527
14 -73.959634  40.766952 0.5  1 550 555
15 -73.770298  40.660283 0.5  1 527 532
16 -74.002947  40.641535 0.5  1 536 541
17 -73.848349  40.675062 0.5  1 568 573
18 -73.901393  40.827988 0.5  1 569 574
19 -73.892665   40.66715 0.5  1 526 531
20 -73.984196  40.759817 0.5  1 585 590
21  -73.98153  40.773659 0.5  1 514 519
22 -73.808445  40.768657 0.5  1 517 522
23 -74.011011  40.703279 0.0  0 578 593
24 -73.870401   40.82829 0.0  0 557 572
25 -73.870401   40.82829 0.0  0 578 593
26 -73.882567   40.65882 0.5 -1 577 582
27 -73.990457  40.740237 0.5 -1 496 501
28 -73.880543  40.894773 0.5 -1 588 593
29 -73.977041  40.764387 0.5 -1 520 525
30 -73.972471   40.75684 0.5 -1 540 545
31 -73.880543  40.894773 0.5 -1 528 533
32 -73.961707  40.688765 0.5 -1 587 592
33 -73.978732  40.784025 0.5 -1 534 539
34 -73.808445  40.768657 0.5 -1 507 512
35  -73.91396  40.818335 0.5 -1 521 526
36  -73.87344  40.774851 0.5 -1 536 541
37 -73.990457  40.740237 0.5 -1 558 563
38 -73.788986  40.678256 0.5 -1 552 557
39 -73.985684  40.749083 0.5 -1 546 551
40 -73.878736  40.876855 0.5 -1 579 584
41 -73.978732  40.784025 0.5 -1 574 579
42 -73.892665   40.66715 0.5 -1 536 541
43  -73.98153  40.773659 0.5 -1 588 593
44 -73.882567   40.65882 0.5 -1 523 528
45 -73.977041  40.764387 0.5 -1 525 530