6  100  90  3  30
  0 -74.011011  40.703279 0.0  0 490 610
  1 -73.978194  40.639401 0.0  0 490 610
  2 -73.978194  40.639401 0.0  0 490 610
  3 -74.072566  40.599043 0.0  0 490 610
  4 -73.978194  40.639401 0.0  0 490 610
  5 -73.916383   40.85371 0.0  0 490 610
  6 -73.978732  40.784025 0.5  1 542 547
  7 -73.977041  40.764387 0.5  1 517 522
  8 -73.978732  40.784025 0.5  1 524 529
  9 -73.923122  40.778625 0.5  1 542 547
 10 -73.978732  40.784025 0.5  1 498 503
 11 -73.808445  40.768657 0.5  1 515 520
 12 -73.988457  40.775785 0.5  1 535 540
 13 -73.965635  40.768614 0.5  1 502 507
 14 -73.965635  40.768614 0.5  1 526 531
 15 -73.954055  40.817519 0.5  1 573 578
 16 -73.714486  40.743532 0.5  1 544 549
 17 -73.849851  40.832613 0.5  1 497 502
 18 -73.984196  40.759817 0.5  1 512 517
 19 -73.916383   40.85371 0.5  1 555 560
 20 -73.957942  40.620074 0.5  1 518 523
 21 -74.100696  40.628387 0.5  1 577 582
 22 -73.880543  40.894773 0.5  1 521 526
 23 -73.973031  40.791783 0.5  1 577 582
 24 -74.137434  40.625692 0.5  1 581 586
 25 -73.959634  40.766952 0.5  1 572 577
 26 -73.978732  40.784025 0.5  1 494 499
 27 -73.961707  40.688765 0.5  1 585 590
 28 -73.983021    40.7153 0.5  1 573 578
 29 -73.930125  40.688713 0.5  1 522 527
 30 -73.829514  40.873436 0.5  1 529 534
 31 -73.965635  40.768614 0.5  1 532 537
 32 -73.965635  40.768614 0.5  1 554 559
 33 -73.808445  40.768657 0.5  1 513 518
 34  -73.98153  40.773659 0.5  1 526 531
 35 -73.714486  40.743532 0.5  1 525 530
 36 -73.973031  40.791783 0.5  1 525 530
 37 -73.880543  40.894773 0.5  1 569 574
 38 -73.951008  40.778766 0.5  1 539 544
 39 -73.972471   40.75684 0.5  1 537 542
 40 -73.959634  40.766952 0.5  1 518 523
 41 -73.973031  40.791783 0.5  1 551 556
 42 -73.885594  40.813915 0.5  1 518 523
 43 -74.137434  40.625692 0.5  1 560 565
 44 -73.997183  40.728533 0.5  1 555 560
 45 -73.973031  40.791783 0.5  1 580 585
 46 -73.978732  40.784025 0.5  1 562 567
 47 -73.995258  40.678542 0.5  1 573 578
 48 -73.916166  40.830608 0.5  1 542 547
 49 -73.959634  40.766952 0.5  1 502 507
 50 -73.982816  40.588917 0.5  1 528 533
 51 -73.988457  40.775785 0.5  1 570 575
 52 -73.961707  40.688765 0.5  1 546 551
 53  -73.98153  40.773659 0.5  1 565 570
 54 -73.978732  40.784025 0.5  1 514 519
 55 -73.988457  40.775785 0.5  1 496 501
 56 -73.743749  40.677865 0.0  0 571 586
 57  -73.96066  40.640806 0.0  0 577 592
 58 -73.870401   40.82829 0.0  0 553 568
 59 -74.011011  40.703279 0.0  0 584 599
 60 -73.978732  40.784025 0.0  0 564 579
 61 -73.822478  40.610824 0.0  0 571 586
 62 -73.880543  40.894773 0.5 -1 548 553
 63 -73.921874  40.872853 0.5 -1 540 545
 64 -73.922505  40.829183 0.5 -1 541 546
 65 -73.916166  40.830608 0.5 -1 566 571
 66 -74.230644  40.527316 0.5 -1 507 512
 67 -73.736764  40.693361 0.5 -1 550 555
 68 -73.973031  40.791783 0.5 -1 549 554
 69 -73.882567   40.65882 0.5 -1 507 512
 70 -73.965635  40.768614 0.5 -1 531 536
 71 -74.230644  40.527316 0.5 -1 579 584
 72 -73.916383   40.85371 0.5 -1 550 555
 73 -73.922505  40.829183 0.5 -1 509 514
 74 -73.985684  40.749083 0.5 -1 518 523
 75 -73.972471   40.75684 0.5 -1 560 565
 76 -73.916383   40.85371 0.5 -1 520 525
 77 -73.945415  40.790479 0.5 -1 591 596
 78 -73.973031  40.791783 0.5 -1 528 533
 79 -73.808445  40.768657 0.5 -1 592 597
 80 -73.982816  40.588917 0.5 -1 589 594
 81 -73.965635  40.768614 0.5 -1 592 597
 82 -73.959634  40.766952 0.5 -1 507 512
 83 -73.961707  40.688765 0.5 -1 589 594
 84 -73.982816  40.588917 0.5 -1 590 595
 85 -73.983021    40.7153 0.5 -1 534 539
 86 -73.916166  40.830608 0.5 -1 537 542
 87 -73.959634  40.766952 0.5 -1 541 546
 88 -73.982816  40.588917 0.5 -1 568 573
 89  -73.87344  40.774851 0.5 -1 522 527
 90 -73.965635  40.768614 0.5 -1 536 541
 91 -73.714486  40.743532 0.5 -1 526 531
 92 -73.973031  40.791783 0.5 -1 529 534
 93 -73.985684  40.749083 0.5 -1 574 579
 94 -73.973031  40.791783 0.5 -1 546 551
 95 -73.973031  40.791783 0.5 -1 544 549
 96 -73.951008  40.778766 0.5 -1 523 528
 97 -73.972471   40.75684 0.5 -1 556 561
 98 -73.922505  40.829183 0.5 -1 533 538
 99 -73.983021    40.7153 0.5 -1 570 575
100 -73.990457  40.740237 0.5 -1 567 572
101 -73.972471   40.75684 0.5 -1 585 590
102 -73.985684  40.749083 0.5 -1 582 587
103 -73.968127   40.67722 0.5 -1 591 596
104 -73.932115  40.627947 0.5 -1 546 551
105 -73.990457  40.740237 0.5 -1 508 513
106 -73.808445  40.768657 0.5 -1 536 541
107 -73.916383   40.85371 0.5 -1 579 584
108 -73.942966  40.820965 0.5 -1 562 567
109 -73.984196  40.759817 0.5 -1 574 579
110 -73.985684  40.749083 0.5 -1 524 529
111 -73.978732  40.784025 0.5 -1 502 507