2  40  90  3  30
 0 -74.072566  40.599043 0.0  0 490 610
 1 -74.160442   40.60745 0.0  0 490 610
 2 -73.901393  40.827988 0.5  1 540 545
 3 -73.985684  40.749083 0.5  1 498 503
 4 -73.982816  40.588917 0.5  1 509 514
 5 -73.882567   40.65882 0.5  1 503 508
 6 -74.137434  40.625692 0.5  1 537 542
 7 -73.849851  40.832613 0.5  1 538 543
 8 -73.972471   40.75684 0.5  1 583 588
 9  -73.87344  40.774851 0.5  1 501 506
10 -73.957942  40.620074 0.5  1 493 498
11 -73.978732  40.784025 0.5  1 573 578
12 -74.230644  40.527316 0.5  1 582 587
13 -74.007264  40.718576 0.5  1 531 536
14 -73.977041  40.764387 0.5  1 505 510
15 -73.957942  40.620074 0.5  1 502 507
16 -73.988457  40.775785 0.5  1 530 535
17 -73.916166  40.830608 0.5  1 507 512
18 -73.986472  40.685719 0.5  1 560 565
19 -73.997244  40.720832 0.5  1 567 572
20 -73.978732  40.784025 0.5  1 501 506
21 -73.997244  40.720832 0.5  1 540 545
22 -74.011011  40.703279 0.0  0 574 589
23 -73.973031  40.791783 0.0  0 594 609
24 -73.965635  40.768614 0.5 -1 552 557
25 -73.965635  40.768614 0.5 -1 506 511
26  -73.87344  40.774851 0.5 -1 511 516
27 -73.982816  40.588917 0.5 -1 522 527
28  -73.98153  40.773659 0.5 -1 555 560
29 -74.087322  40.620123 0.5 -1 544 549
30 -73.985684  40.749083 0.5 -1 586 591
31 -73.972471   40.75684 0.5 -1 509 514
32 -73.972471   40.75684 0.5 -1 497 502
33 -73.714486  40.743532 0.5 -1 589 594
34 -73.973031  40.791783 0.5 -1 591 596
35 -73.959634  40.766952 0.5 -1 540 545
36 -74.087322  40.620123 0.5 -1 517 522
37 -73.942966  40.820965 0.5 -1 534 539
38 -73.990457  40.740237 0.5 -1 539 544
39 -73.954055  40.817519 0.5 -1 519 524
40  -73.96998  40.749124 0.5 -1 586 591
41 -73.978732  40.784025 0.5 -1 573 578
42 -73.880543  40.894773 0.5 -1 505 510
43 -74.100696  40.628387 0.5 -1 556 561