3  60  90  3  30
 0 -73.985315  40.727954 0.0  0 490 610
 1 -73.978194  40.639401 0.0  0 490 610
 2 -73.939203  40.593772 0.0  0 490 610
 3 -73.977041  40.764387 0.5  1 552 557
 4 -73.984196  40.759817 0.5  1 548 553
 5 -73.978194  40.639401 0.5  1 575 580
 6 -74.230644  40.527316 0.5  1 527 532
 7 -73.916383   40.85371 0.5  1 519 524
 8 -73.965635  40.768614 0.5  1 573 578
 9 -73.982816  40.588917 0.5  1 492 497
10 -74.230644  40.527316 0.5  1 553 558
11 -73.922505  40.829183 0.5  1 579 584
12  -73.98153  40.773659 0.5  1 593 598
13 -73.965635  40.768614 0.5  1 573 578
14 -73.997183  40.728533 0.5  1 545 550
15  -73.98153  40.773659 0.5  1 586 591
16 -73.808445  40.768657 0.5  1 552 557
17 -73.849851  40.832613 0.5  1 552 557
18 -73.977041  40.764387 0.5  1 501 506
19 -74.100696  40.628387 0.5  1 544 549
20 -73.954055  40.817519 0.5  1 520 525
21 -74.230644  40.527316 0.5  1 492 497
22  -73.87344  40.774851 0.5  1 535 540
23 -73.982816  40.588917 0.5  1 490 495
24 -74.028521  40.623593 0.5  1 514 519
25 -73.951008  40.778766 0.5  1 527 532
26 -73.984196  40.759817 0.5  1 528 533
27  -73.98153  40.773659 0.5  1 527 532
28  -73.99013    40.6286 0.5  1 518 523
29 -73.959634  40.766952 0.5  1 501 506
30 -73.985684  40.749083 0.5  1 581 586
31 -73.977041  40.764387 0.5  1 506 511
32 -73.965635  40.768614 0.5  1 524 529
33 -73.755904  40.602582 0.0  0 576 591
34  -73.96066  40.640806 0.0  0 565 580
35 -73.799762  40.863932 0.0  0 551 566
36 -73.985684  40.749083 0.5 -1 559 564
37 -73.916383   40.85371 0.5 -1 564 569
38 -73.830055   40.69268 0.5 -1 594 599
39 -73.880543  40.894773 0.5 -1 531 536
40 -73.982816  40.588917 0.5 -1 523 528
41 -74.137434  40.625692 0.5 -1 593 598
42 -73.972471   40.75684 0.5 -1 502 507
43 -73.973031  40.791783 0.5 -1 557 562
44 -73.922505  40.829183 0.5 -1 582 587
45  -73.98153  40.773659 0.5 -1 595 600
46 -73.957942  40.620074 0.5 -1 585 590
47 -73.916383   40.85371 0.5 -1 550 555
48 -73.965635  40.768614 0.5 -1 592 597
49 -73.983021    40.7153 0.5 -1 568 573
50 -73.982816  40.588917 0.5 -1 559 564
51  -73.87344  40.774851 0.5 -1 506 511
52 -73.790208  40.596094 0.5 -1 547 552
53 -73.988457  40.775785 0.5 -1 528 533
54 -73.973031  40.791783 0.5 -1 502 507
55 -73.977041  40.764387 0.5 -1 542 547
56 -73.808445  40.768657 0.5 -1 494 499
57 -73.949629  40.746582 0.5 -1 528 533
58 -73.990457  40.740237 0.5 -1 538 543
59 -73.957942  40.620074 0.5 -1 537 542
60 -73.977041  40.764387 0.5 -1 535 540
61 -73.792412  40.703279 0.5 -1 536 541
62 -73.714486  40.743532 0.5 -1 514 519
63 -73.808445  40.768657 0.5 -1 588 593
64 -73.957942  40.620074 0.5 -1 513 518
65 -73.985684  40.749083 0.5 -1 533 538