3  40  90  3  30
 0 -73.965434  40.782431 0.0  0 490 610
 1 -73.916383   40.85371 0.0  0 490 610
 2 -73.978194  40.639401 0.0  0 490 610
 3 -73.880543  40.894773 0.5  1 508 518
 4 -73.982816  40.588917 0.5  1 512 522
 5 -73.880543  40.894773 0.5  1 513 523
 6 -73.829514  40.873436 0.5  1 545 555
 7 -74.137434  40.625692 0.5  1 520 530
 8 -73.829514  40.873436 0.5  1 567 577
 9 -73.869384   40.69578 0.5  1 538 548
10 -73.937115   40.71445 0.5  1 535 545
11 -73.973031  40.791783 0.5  1 524 534
12 -73.972471   40.75684 0.5  1 508 518
13 -73.961707  40.688765 0.5  1 586 596
14 -73.961707  40.688765 0.5  1 511 521
15 -73.973031  40.791783 0.5  1 576 586
16 -74.007264  40.718576 0.5  1 530 540
17 -73.959634  40.766952 0.5  1 553 563
18 -73.997183  40.728533 0.5  1 577 587
19 -73.997244  40.720832 0.5  1 513 523
20 -73.984196  40.759817 0.5  1 502 512
21 -73.965635  40.768614 0.5  1 521 531
22 -73.984196  40.759817 0.5  1 565 575
23 -74.009958  40.653593 0.0  0 560 575
24 -73.822478  40.610824 0.0  0 564 579
25 -73.870401   40.82829 0.0  0 582 597
26 -73.808445  40.768657 0.5 -1 523 533
27 -73.957942  40.620074 0.5 -1 523 533
28 -73.988457  40.775785 0.5 -1 519 529
29 -74.137434  40.625692 0.5 -1 557 567
30 -73.982816  40.588917 0.5 -1 524 534
31 -73.982816  40.588917 0.5 -1 584 594
32 -73.959634  40.766952 0.5 -1 563 573
33 -73.916383   40.85371 0.5 -1 547 557
34 -73.959634  40.766952 0.5 -1 528 538
35 -74.011011  40.703279 0.5 -1 525 535
36 -73.972471   40.75684 0.5 -1 589 599
37 -73.951008  40.778766 0.5 -1 536 546
38 -73.997244  40.720832 0.5 -1 586 596
39 -74.137434  40.625692 0.5 -1 533 543
40 -73.934105    40.7544 0.5 -1 570 580
41 -73.916383   40.85371 0.5 -1 582 592
42 -74.230644  40.527316 0.5 -1 527 537
43 -73.714486  40.743532 0.5 -1 509 519
44 -73.849851  40.832613 0.5 -1 545 555
45  -73.87344  40.774851 0.5 -1 570 580