5  100  90  3  30
  0 -74.007239  40.706659 0.0  0 490 610
  1 -73.961707  40.688765 0.0  0 490 610
  2 -74.072566  40.599043 0.0  0 490 610
  3 -73.965635  40.768614 0.0  0 490 610
  4 -73.978194  40.639401 0.0  0 490 610
  5 -73.770298  40.660283 0.5  1 524 534
  6 -73.736368  40.760667 0.5  1 568 578
  7 -73.997183  40.728533 0.5  1 571 581
  8 -73.978194  40.639401 0.5  1 513 523
  9  -73.98153  40.773659 0.5  1 573 583
 10 -73.972471   40.75684 0.5  1 540 550
 11 -73.882201  40.718563 0.5  1 540 550
 12  -73.87344  40.774851 0.5  1 513 523
 13 -73.880543  40.894773 0.5  1 573 583
 14 -73.959634  40.766952 0.5  1 497 507
 15 -73.972471   40.75684 0.5  1 565 575
 16 -73.988457  40.775785 0.5  1 518 528
 17 -73.770298  40.660283 0.5  1 494 504
 18 -73.961707  40.688765 0.5  1 516 526
 19 -74.137434  40.625692 0.5  1 543 553
 20 -73.965434  40.782431 0.5  1 522 532
 21 -73.988457  40.775785 0.5  1 569 579
 22 -73.829514  40.873436 0.5  1 565 575
 23 -74.137434  40.625692 0.5  1 560 570
 24 -73.978732  40.784025 0.5  1 561 571
 25 -73.997244  40.720832 0.5  1 527 537
 26 -73.959634  40.766952 0.5  1 495 505
 27 -73.882567   40.65882 0.5  1 558 568
 28 -73.973031  40.791783 0.5  1 516 526
 29 -73.984196  40.759817 0.5  1 510 520
 30 -73.922505  40.829183 0.5  1 527 537
 31 -73.961707  40.688765 0.5  1 502 512
 32 -73.949629  40.746582 0.5  1 545 555
 33 -73.961707  40.688765 0.5  1 575 585
 34 -73.951008  40.778766 0.5  1 514 524
 35 -73.937115   40.71445 0.5  1 493 503
 36 -73.808445  40.768657 0.5  1 535 545
 37 -73.961707  40.688765 0.5  1 572 582
 38 -73.982816  40.588917 0.5  1 503 513
 39  -73.87344  40.774851 0.5  1 580 590
 40 -73.926535  40.735242 0.5  1 515 525
 41 -73.922505  40.829183 0.5  1 536 546
 42 -73.973031  40.791783 0.5  1 573 583
 43 -73.808445  40.768657 0.5  1 540 550
 44 -73.954055  40.817519 0.5  1 510 520
 45 -73.985684  40.749083 0.5  1 541 551
 46 -73.827416  40.764348 0.5  1 556 566
 47 -73.977041  40.764387 0.5  1 574 584
 48 -74.137434  40.625692 0.5  1 525 535
 49 -73.957942  40.620074 0.5  1 507 517
 50  -73.98153  40.773659 0.5  1 530 540
 51 -73.954055  40.817519 0.5  1 532 542
 52 -74.137434  40.625692 0.5  1 512 522
 53 -74.137434  40.625692 0.5  1 517 527
 54 -73.961707  40.688765 0.5  1 511 521
 55 -73.996971  40.742283 0.0  0 580 595
 56  -73.76343  40.691703 0.0  0 570 585
 57 -74.011011  40.703279 0.0  0 550 565
 58 -73.876275  40.702665 0.0  0 559 574
 59 -74.100696  40.628387 0.0  0 571 586
 60 -73.788986  40.678256 0.5 -1 549 559
 61 -73.736368  40.760667 0.5 -1 577 587
 62 -73.983021    40.7153 0.5 -1 579 589
 63 -73.978194  40.639401 0.5 -1 514 524
 64 -73.808445  40.768657 0.5 -1 578 588
 65 -73.985684  40.749083 0.5 -1 543 553
 66 -73.873306  40.834681 0.5 -1 545 555
 67 -73.965434  40.782431 0.5 -1 534 544
 68 -73.882567   40.65882 0.5 -1 589 599
 69 -73.951008  40.778766 0.5 -1 502 512
 70 -73.997244  40.720832 0.5 -1 576 586
 71 -73.973031  40.791783 0.5 -1 528 538
 72 -73.923122  40.778625 0.5 -1 518 528
 73 -73.870401   40.82829 0.5 -1 531 541
 74 -73.885594  40.813915 0.5 -1 550 560
 75 -73.901393  40.827988 0.5 -1 534 544
 76 -73.988457  40.775785 0.5 -1 569 579
 77 -73.916166  40.830608 0.5 -1 575 585
 78 -73.982816  40.588917 0.5 -1 571 581
 79 -73.743749  40.677865 0.5 -1 583 593
 80 -73.973031  40.791783 0.5 -1 538 548
 81 -73.965635  40.768614 0.5 -1 501 511
 82 -73.959634  40.766952 0.5 -1 573 583
 83 -73.972471   40.75684 0.5 -1 524 534
 84  -73.98153  40.773659 0.5 -1 514 524
 85 -74.007264  40.718576 0.5 -1 537 547
 86 -73.937115   40.71445 0.5 -1 521 531
 87 -74.137434  40.625692 0.5 -1 557 567
 88 -73.808445  40.768657 0.5 -1 587 597
 89  -73.87344  40.774851 0.5 -1 526 536
 90 -74.137434  40.625692 0.5 -1 501 511
 91 -73.714486  40.743532 0.5 -1 542 552
 92 -73.972471   40.75684 0.5 -1 576 586
 93  -73.91396  40.818335 0.5 -1 518 528
 94 -73.957942  40.620074 0.5 -1 587 597
 95 -73.882019  40.846066 0.5 -1 540 550
 96 -73.870401   40.82829 0.5 -1 550 560
 97 -73.965635  40.768614 0.5 -1 586 596
 98 -73.985684  40.749083 0.5 -1 548 558
 99 -73.997244  40.720832 0.5 -1 520 530
100 -73.997244  40.720832 0.5 -1 545 555
101 -73.968127   40.67722 0.5 -1 573 583
102 -73.973031  40.791783 0.5 -1 580 590
103 -73.922505  40.829183 0.5 -1 539 549
104 -73.714486  40.743532 0.5 -1 514 524
105 -73.932115  40.627947 0.5 -1 547 557
106 -73.973031  40.791783 0.5 -1 546 556
107 -73.983021    40.7153 0.5 -1 521 531
108 -73.916383   40.85371 0.5 -1 521 531
109 -73.951008  40.778766 0.5 -1 536 546