4  60  90  3  30
 0  -74.00751  40.604014 0.0  0 490 610
 1 -73.996506  40.686459 0.0  0 490 610
 2 -74.011011  40.703279 0.0  0 490 610
 3  -73.75395  40.743304 0.0  0 490 610
 4 -73.905844  40.778402 0.5  1 504 514
 5 -73.945142  40.776681 0.5  1 519 529
 6 -73.790208  40.596094 0.5  1 504 514
 7 -73.988457  40.775785 0.5  1 546 556
 8 -73.714486  40.743532 0.5  1 500 510
 9 -73.849851  40.832613 0.5  1 566 576
10 -73.982816  40.588917 0.5  1 557 567
11 -73.942966  40.820965 0.5  1 523 533
12 -73.714486  40.743532 0.5  1 539 549
13 -73.932115  40.627947 0.5  1 511 521
14 -73.954055  40.817519 0.5  1 493 503
15 -73.965434  40.782431 0.5  1 510 520
16 -73.937115   40.71445 0.5  1 575 585
17 -73.990457  40.740237 0.5  1 506 516
18 -73.880543  40.894773 0.5  1 569 579
19 -73.990457  40.740237 0.5  1 537 547
20  -73.98153  40.773659 0.5  1 516 526
21  -73.98153  40.773659 0.5  1 560 570
22 -73.965635  40.768614 0.5  1 554 564
23 -74.230644  40.527316 0.5  1 549 559
24 -74.007264  40.718576 0.5  1 498 508
25 -73.808445  40.768657 0.5  1 559 569
26 -73.959634  40.766952 0.5  1 521 531
27 -73.937115   40.71445 0.5  1 512 522
28 -73.808445  40.768657 0.5  1 582 592
29 -73.982816  40.588917 0.5  1 539 549
30 -73.882567   40.65882 0.5  1 494 504
31 -73.973031  40.791783 0.5  1 575 585
32  -73.87344  40.774851 0.5  1 508 518
33 -73.951008  40.778766 0.5  1 505 515
34 -73.965635  40.768614 0.0  0 579 594
35 -73.770298  40.660283 0.0  0 551 566
36 -73.743749  40.677865 0.0  0 562 577
37 -73.892665   40.66715 0.0  0 563 578
38 -73.995258  40.678542 0.5 -1 510 520
39 -74.100696  40.628387 0.5 -1 545 555
40 -73.901393  40.827988 0.5 -1 509 519
41 -73.940774  40.841194 0.5 -1 559 569
42 -73.714486  40.743532 0.5 -1 503 513
43 -73.949629  40.746582 0.5 -1 574 584
44  -73.96998  40.749124 0.5 -1 564 574
45 -73.922505  40.829183 0.5 -1 543 553
46 -73.932115  40.627947 0.5 -1 548 558
47 -73.965635  40.768614 0.5 -1 532 542
48 -73.942966  40.820965 0.5 -1 504 514
49 -74.230644  40.527316 0.5 -1 523 533
50 -73.849851  40.832613 0.5 -1 581 591
51 -73.982816  40.588917 0.5 -1 512 522
52 -73.978732  40.784025 0.5 -1 580 590
53 -73.997244  40.720832 0.5 -1 556 566
54 -73.965635  40.768614 0.5 -1 526 536
55 -73.965635  40.768614 0.5 -1 563 573
56 -73.983021    40.7153 0.5 -1 578 588
57 -73.965635  40.768614 0.5 -1 554 564
58 -73.901393  40.827988 0.5 -1 513 523
59 -73.965635  40.768614 0.5 -1 576 586
60 -73.997244  40.720832 0.5 -1 539 549
61 -73.977041  40.764387 0.5 -1 522 532
62 -73.984196  40.759817 0.5 -1 585 595
63 -73.977041  40.764387 0.5 -1 550 560
64 -73.959634  40.766952 0.5 -1 511 521
65 -73.973031  40.791783 0.5 -1 577 587
66 -73.982816  40.588917 0.5 -1 513 523
67 -73.959634  40.766952 0.5 -1 512 522