2  40  90  3  30
 0 -73.985315  40.727954 0.0  0 490 610
 1 -73.968127   40.67722 0.0  0 490 610
 2 -73.983021    40.7153 0.5  1 507 517
 3  -73.98153  40.773659 0.5  1 535 545
 4 -73.932115  40.627947 0.5  1 519 529
 5 -73.986472  40.685719 0.5  1 509 519
 6 -73.978732  40.784025 0.5  1 567 577
 7 -73.970355  40.617636 0.5  1 564 574
 8 -73.916383   40.85371 0.5  1 520 530
 9 -73.870401   40.82829 0.5  1 582 592
10 -73.961707  40.688765 0.5  1 537 547
11 -73.932115  40.627947 0.5  1 501 511
12 -73.983021    40.7153 0.5  1 535 545
13 -73.984196  40.759817 0.5  1 496 506
14 -73.968127   40.67722 0.5  1 493 503
15 -74.007264  40.718576 0.5  1 556 566
16 -73.982816  40.588917 0.5  1 558 568
17 -74.230644  40.527316 0.5  1 534 544
18 -73.985684  40.749083 0.5  1 516 526
19 -73.922505  40.829183 0.5  1 545 555
20 -73.977041  40.764387 0.5  1 502 512
21 -73.959634  40.766952 0.5  1 523 533
22 -73.755904  40.602582 0.0  0 579 594
23 -73.942966  40.820965 0.0  0 592 607
24 -73.965635  40.768614 0.5 -1 535 545
25 -73.973031  40.791783 0.5 -1 542 552
26 -73.957942  40.620074 0.5 -1 532 542
27 -73.978732  40.784025 0.5 -1 515 525
28 -73.977041  40.764387 0.5 -1 583 593
29 -73.968127   40.67722 0.5 -1 586 596
30 -73.808445  40.768657 0.5 -1 525 535
31 -73.983021    40.7153 0.5 -1 589 599
32 -73.972471   40.75684 0.5 -1 540 550
33 -73.808445  40.768657 0.5 -1 506 516
34 -73.949629  40.746582 0.5 -1 538 548
35 -73.965635  40.768614 0.5 -1 516 526
36 -73.920427  40.696297 0.5 -1 519 529
37 -73.988457  40.775785 0.5 -1 560 570
38 -73.985684  40.749083 0.5 -1 575 585
39 -73.978732  40.784025 0.5 -1 550 560
40 -73.997244  40.720832 0.5 -1 528 538
41 -73.965635  40.768614 0.5 -1 567 577
42 -73.964997  40.756574 0.5 -1 529 539
43 -73.934105    40.7544 0.5 -1 544 554