5  100  90  3  30
  0 -74.137434  40.625692 0.0  0 490 610
  1  -73.75395  40.743304 0.0  0 490 610
  2 -73.841037   40.57742 0.0  0 490 610
  3 -73.985315  40.727954 0.0  0 490 610
  4 -73.996022  40.696257 0.0  0 490 610
  5 -73.997183  40.728533 0.5  1 546 551
  6 -73.977041  40.764387 0.5  1 534 539
  7 -73.965635  40.768614 0.5  1 568 573
  8 -73.961707  40.688765 0.5  1 579 584
  9 -74.130213  40.585661 0.5  1 531 536
 10 -73.954055  40.817519 0.5  1 517 522
 11 -73.959634  40.766952 0.5  1 507 512
 12 -73.965635  40.768614 0.5  1 510 515
 13 -73.978732  40.784025 0.5  1 531 536
 14 -74.137434  40.625692 0.5  1 505 510
 15 -73.984196  40.759817 0.5  1 518 523
 16 -73.869384   40.69578 0.5  1 541 546
 17 -73.965635  40.768614 0.5  1 509 514
 18 -73.880543  40.894773 0.5  1 520 525
 19 -73.945415  40.790479 0.5  1 513 518
 20 -73.916383   40.85371 0.5  1 517 522
 21 -73.932115  40.627947 0.5  1 568 573
 22 -73.988457  40.775785 0.5  1 521 526
 23 -73.982816  40.588917 0.5  1 548 553
 24 -73.997244  40.720832 0.5  1 523 528
 25 -73.808445  40.768657 0.5  1 516 521
 26 -73.984196  40.759817 0.5  1 541 546
 27 -73.901393  40.827988 0.5  1 548 553
 28 -73.885594  40.813915 0.5  1 544 549
 29 -73.937115   40.71445 0.5  1 537 542
 30  -73.87344  40.774851 0.5  1 544 549
 31 -73.924927  40.791459 0.5  1 552 557
 32 -73.961707  40.688765 0.5  1 560 565
 33 -73.937115   40.71445 0.5  1 535 540
 34 -73.965635  40.768614 0.5  1 583 588
 35 -73.997244  40.720832 0.5  1 575 580
 36 -73.965635  40.768614 0.5  1 551 556
 37 -73.965635  40.768614 0.5  1 491 496
 38 -73.977041  40.764387 0.5  1 526 531
 39 -73.882019  40.846066 0.5  1 552 557
 40 -73.964536  40.599928 0.5  1 502 507
 41 -73.880543  40.894773 0.5  1 491 496
 42 -73.997244  40.720832 0.5  1 574 579
 43  -73.98153  40.773659 0.5  1 497 502
 44 -73.973031  40.791783 0.5  1 524 529
 45 -73.988457  40.775785 0.5  1 530 535
 46 -73.978732  40.784025 0.5  1 562 567
 47 -73.945415  40.790479 0.5  1 530 535
 48 -73.932115  40.627947 0.5  1 583 588
 49 -74.230644  40.527316 0.5  1 506 511
 50 -73.978732  40.784025 0.5  1 498 503
 51 -73.984196  40.759817 0.5  1 591 596
 52 -73.978732  40.784025 0.5  1 492 497
 53 -73.965434  40.782431 0.5  1 520 525
 54 -73.972319  40.702508 0.5  1 524 529
 55 -73.934105    40.7544 0.0  0 578 593
 56 -73.892665   40.66715 0.0  0 555 570
 57 -73.996971  40.742283 0.0  0 591 606
 58 -73.755904  40.602582 0.0  0 556 571
 59 -73.961707  40.688765 0.0  0 573 588
 60 -73.973031  40.791783 0.5 -1 561 566
 61 -73.934105    40.7544 0.5 -1 543 548
 62 -73.959634  40.766952 0.5 -1 573 578
 63 -73.961707  40.688765 0.5 -1 582 587
 64 -74.130213  40.585661 0.5 -1 535 540
 65 -73.880543  40.894773 0.5 -1 523 528
 66 -73.959634  40.766952 0.5 -1 510 515
 67  -73.95701   40.78044 0.5 -1 545 550
 68 -73.978732  40.784025 0.5 -1 536 541
 69 -73.829514  40.873436 0.5 -1 515 520
 70 -73.937115   40.71445 0.5 -1 530 535
 71 -73.959634  40.766952 0.5 -1 566 571
 72 -73.973031  40.791783 0.5 -1 515 520
 73 -73.984196  40.759817 0.5 -1 540 545
 74 -73.808445  40.768657 0.5 -1 527 532
 75 -73.808445  40.768657 0.5 -1 521 526
 76 -73.916383   40.85371 0.5 -1 574 579
 77 -73.973031  40.791783 0.5 -1 531 536
 78 -73.985684  40.749083 0.5 -1 559 564
 79 -74.100696  40.628387 0.5 -1 540 545
 80 -73.808445  40.768657 0.5 -1 518 523
 81 -73.714486  40.743532 0.5 -1 555 560
 82 -73.880543  40.894773 0.5 -1 556 561
 83 -73.922505  40.829183 0.5 -1 555 560
 84 -73.940774  40.841194 0.5 -1 572 577
 85 -74.002947  40.641535 0.5 -1 574 579
 86 -73.924927  40.791459 0.5 -1 556 561
 87 -73.977041  40.764387 0.5 -1 565 570
 88 -73.922505  40.829183 0.5 -1 557 562
 89 -73.965635  40.768614 0.5 -1 588 593
 90 -74.015892  40.711535 0.5 -1 591 596
 91 -73.978732  40.784025 0.5 -1 559 564
 92  -73.98153  40.773659 0.5 -1 499 504
 93  -73.98153  40.773659 0.5 -1 536 541
 94 -73.892665   40.66715 0.5 -1 559 564
 95 -73.950689  40.691777 0.5 -1 521 526
 96 -73.973031  40.791783 0.5 -1 497 502
 97 -73.988457  40.775785 0.5 -1 580 585
 98 -73.965635  40.768614 0.5 -1 510 515
 99 -73.972471   40.75684 0.5 -1 528 533
100 -73.901393  40.827988 0.5 -1 539 544
101 -73.985684  40.749083 0.5 -1 582 587
102 -73.978732  40.784025 0.5 -1 543 548
103 -73.916383   40.85371 0.5 -1 588 593
104 -73.965635  40.768614 0.5 -1 511 516
105 -74.230644  40.527316 0.5 -1 507 512
106 -73.808445  40.768657 0.5 -1 594 599
107 -73.959634  40.766952 0.5 -1 508 513
108 -73.945415  40.790479 0.5 -1 526 531
109 -74.187558  40.550664 0.5 -1 541 546