3  60  90  3  30
 0 -73.995258  40.678542 0.0  0 490 610
 1 -74.007239  40.706659 0.0  0 490 610
 2 -73.965434  40.782431 0.0  0 490 610
 3 -73.901393  40.827988 0.5  1 559 569
 4 -74.007264  40.718576 0.5  1 523 533
 5  -73.98153  40.773659 0.5  1 534 544
 6 -73.880543  40.894773 0.5  1 501 511
 7  -73.98153  40.773659 0.5  1 529 539
 8 -74.230644  40.527316 0.5  1 565 575
 9 -73.988457  40.775785 0.5  1 494 504
10 -73.977041  40.764387 0.5  1 551 561
11 -73.951008  40.778766 0.5  1 567 577
12 -73.880543  40.894773 0.5  1 548 558
13 -73.829514  40.873436 0.5  1 553 563
14 -73.997183  40.728533 0.5  1 550 560
15 -74.230644  40.527316 0.5  1 541 551
16 -73.942966  40.820965 0.5  1 534 544
17 -74.137434  40.625692 0.5  1 536 546
18 -73.951008  40.778766 0.5  1 490 500
19 -73.965635  40.768614 0.5  1 580 590
20 -73.961707  40.688765 0.5  1 551 561
21 -73.937115   40.71445 0.5  1 568 578
22  -73.99013    40.6286 0.5  1 515 525
23 -73.982816  40.588917 0.5  1 528 538
24  -73.98153  40.773659 0.5  1 574 584
25 -73.959634  40.766952 0.5  1 517 527
26  -73.98153  40.773659 0.5  1 494 504
27 -73.973031  40.791783 0.5  1 581 591
28 -73.916383   40.85371 0.5  1 533 543
29 -73.978732  40.784025 0.5  1 529 539
30 -73.714486  40.743532 0.5  1 523 533
31 -73.973031  40.791783 0.5  1 555 565
32 -73.954055  40.817519 0.5  1 515 525
33  -73.87344  40.774851 0.0  0 572 587
34 -73.996971  40.742283 0.0  0 563 578
35 -74.009958  40.653593 0.0  0 566 581
36 -73.790208  40.596094 0.5 -1 569 579
37 -73.985684  40.749083 0.5 -1 527 537
38 -73.808445  40.768657 0.5 -1 546 556
39 -73.965434  40.782431 0.5 -1 518 528
40 -73.882567   40.65882 0.5 -1 541 551
41 -73.973031  40.791783 0.5 -1 579 589
42 -73.937115   40.71445 0.5 -1 513 523
43 -73.972471   40.75684 0.5 -1 557 567
44  -73.98153  40.773659 0.5 -1 576 586
45 -73.972471   40.75684 0.5 -1 558 568
46 -73.972471   40.75684 0.5 -1 561 571
47 -73.972471   40.75684 0.5 -1 560 570
48 -73.916383   40.85371 0.5 -1 552 562
49 -73.882567   40.65882 0.5 -1 538 548
50 -74.087322  40.620123 0.5 -1 544 554
51 -74.137434  40.625692 0.5 -1 509 519
52 -74.230644  40.527316 0.5 -1 582 592
53 -73.808445  40.768657 0.5 -1 562 572
54 -73.959634  40.766952 0.5 -1 580 590
55 -73.792412  40.703279 0.5 -1 533 543
56 -73.984196  40.759817 0.5 -1 534 544
57 -73.916166  40.830608 0.5 -1 589 599
58  -73.98153  40.773659 0.5 -1 522 532
59 -73.978732  40.784025 0.5 -1 506 516
60 -73.973031  40.791783 0.5 -1 583 593
61 -73.808445  40.768657 0.5 -1 541 551
62 -73.882567   40.65882 0.5 -1 540 550
63 -73.916166  40.830608 0.5 -1 526 536
64 -73.945415  40.790479 0.5 -1 563 573
65 -73.901393  40.827988 0.5 -1 517 527