4  60  90  3  30
 0 -73.978194  40.639401 0.0  0 490 610
 1 -73.978194  40.639401 0.0  0 490 610
 2 -74.008677  40.725468 0.0  0 490 610
 3 -74.072566  40.599043 0.0  0 490 610
 4 -73.973031  40.791783 0.5  1 496 501
 5 -73.973031  40.791783 0.5  1 545 550
 6 -73.965434  40.782431 0.5  1 499 504
 7  -73.98153  40.773659 0.5  1 522 527
 8 -73.977041  40.764387 0.5  1 548 553
 9 -73.982816  40.588917 0.5  1 518 523
10 -73.829514  40.873436 0.5  1 576 581
11 -73.916383   40.85371 0.5  1 497 502
12 -73.982816  40.588917 0.5  1 560 565
13 -73.922505  40.829183 0.5  1 530 535
14 -73.934105    40.7544 0.5  1 543 548
15 -73.714486  40.743532 0.5  1 494 499
16 -73.880543  40.894773 0.5  1 518 523
17 -73.973031  40.791783 0.5  1 492 497
18 -73.973031  40.791783 0.5  1 530 535
19 -73.977041  40.764387 0.5  1 584 589
20 -73.972471   40.75684 0.5  1 490 495
21 -73.972471   40.75684 0.5  1 510 515
22 -74.230644  40.527316 0.5  1 545 550
23 -73.954055  40.817519 0.5  1 506 511
24 -74.137434  40.625692 0.5  1 495 500
25 -73.997183  40.728533 0.5  1 519 524
26 -73.990457  40.740237 0.5  1 508 513
27 -73.973031  40.791783 0.5  1 540 545
28 -73.951008  40.778766 0.5  1 553 558
29 -73.954055  40.817519 0.5  1 533 538
30 -73.932115  40.627947 0.5  1 513 518
31 -73.882567   40.65882 0.5  1 534 539
32  -73.98153  40.773659 0.5  1 514 519
33 -73.808445  40.768657 0.5  1 584 589
34 -73.870401   40.82829 0.0  0 578 593
35 -74.100696  40.628387 0.0  0 559 574
36 -73.977648  40.747725 0.0  0 557 572
37 -74.011011  40.703279 0.0  0 583 598
38 -74.137434  40.625692 0.5 -1 510 515
39 -73.972471   40.75684 0.5 -1 557 562
40 -73.919576  40.864459 0.5 -1 515 520
41 -73.977041  40.764387 0.5 -1 527 532
42 -73.808445  40.768657 0.5 -1 550 555
43  -73.87344  40.774851 0.5 -1 520 525
44 -74.007264  40.718576 0.5 -1 581 586
45 -73.959634  40.766952 0.5 -1 516 521
46 -73.922505  40.829183 0.5 -1 575 580
47 -74.007264  40.718576 0.5 -1 540 545
48 -73.934105    40.7544 0.5 -1 543 548
49 -73.982816  40.588917 0.5 -1 499 504
50 -73.882567   40.65882 0.5 -1 531 536
51 -74.230644  40.527316 0.5 -1 503 508
52 -74.012643   40.70912 0.5 -1 550 555
53 -73.714486  40.743532 0.5 -1 590 595
54 -73.986472  40.685719 0.5 -1 512 517
55 -73.916166  40.830608 0.5 -1 523 528
56 -73.957942  40.620074 0.5 -1 551 556
57 -73.901393  40.827988 0.5 -1 509 514
58 -73.959634  40.766952 0.5 -1 518 523
59 -73.959634  40.766952 0.5 -1 541 546
60 -73.808445  40.768657 0.5 -1 511 516
61 -73.988457  40.775785 0.5 -1 549 554
62 -73.977041  40.764387 0.5 -1 562 567
63 -73.959634  40.766952 0.5 -1 555 560
64 -73.961707  40.688765 0.5 -1 523 528
65  -73.98153  40.773659 0.5 -1 540 545
66 -73.714486  40.743532 0.5 -1 533 538
67 -73.972471   40.75684 0.5 -1 591 596