12  200  90  3  30
  0 -73.916166  40.830608 0.0  0 490 610
  1 -73.978194  40.639401 0.0  0 490 610
  2 -73.916383   40.85371 0.0  0 490 610
  3  -74.00751  40.604014 0.0  0 490 610
  4 -73.985315  40.727954 0.0  0 490 610
  5 -73.965635  40.768614 0.0  0 490 610
  6 -74.011011  40.703279 0.0  0 490 610
  7 -73.978732  40.784025 0.0  0 490 610
  8 -73.807713  40.753778 0.0  0 490 610
  9 -73.978194  40.639401 0.0  0 490 610
 10 -73.978194  40.639401 0.0  0 490 610
 11 -73.978194  40.639401 0.0  0 490 610
 12  -73.87344  40.774851 0.5  1 517 527
 13 -73.937115   40.71445 0.5  1 532 542
 14 -73.965635  40.768614 0.5  1 514 524
 15 -74.137434  40.625692 0.5  1 493 503
 16 -74.137434  40.625692 0.5  1 560 570
 17 -73.885594  40.813915 0.5  1 495 505
 18 -73.808445  40.768657 0.5  1 512 522
 19 -74.028521  40.623593 0.5  1 529 539
 20 -73.973031  40.791783 0.5  1 502 512
 21  -73.98153  40.773659 0.5  1 518 528
 22 -73.985684  40.749083 0.5  1 576 586
 23 -73.880543  40.894773 0.5  1 517 527
 24 -74.087322  40.620123 0.5  1 494 504
 25 -73.937115   40.71445 0.5  1 534 544
 26 -73.965635  40.768614 0.5  1 506 516
 27 -73.880543  40.894773 0.5  1 573 583
 28 -73.973031  40.791783 0.5  1 563 573
 29 -73.932115  40.627947 0.5  1 553 563
 30  -73.87344  40.774851 0.5  1 555 565
 31 -73.965635  40.768614 0.5  1 543 553
 32 -73.990457  40.740237 0.5  1 505 515
 33 -73.916383   40.85371 0.5  1 552 562
 34 -73.954055  40.817519 0.5  1 493 503
 35 -73.988457  40.775785 0.5  1 571 581
 36 -73.973031  40.791783 0.5  1 522 532
 37 -73.986472  40.685719 0.5  1 499 509
 38  -73.87344  40.774851 0.5  1 539 549
 39 -73.942966  40.820965 0.5  1 544 554
 40 -73.829514  40.873436 0.5  1 547 557
 41 -73.984016  40.737337 0.5  1 530 540
 42 -73.965635  40.768614 0.5  1 521 531
 43 -74.137434  40.625692 0.5  1 506 516
 44 -74.007264  40.718576 0.5  1 530 540
 45 -73.932115  40.627947 0.5  1 502 512
 46 -73.808445  40.768657 0.5  1 510 520
 47 -73.880543  40.894773 0.5  1 564 574
 48  -73.98153  40.773659 0.5  1 494 504
 49 -73.951008  40.778766 0.5  1 490 500
 50 -73.982816  40.588917 0.5  1 586 596
 51 -73.997244  40.720832 0.5  1 536 546
 52 -73.997244  40.720832 0.5  1 525 535
 53 -73.978732  40.784025 0.5  1 516 526
 54 -73.951008  40.778766 0.5  1 490 500
 55 -73.736368  40.760667 0.5  1 568 578
 56 -73.959634  40.766952 0.5  1 529 539
 57 -73.942966  40.820965 0.5  1 578 588
 58 -73.911226  40.875598 0.5  1 529 539
 59 -73.945636   40.66728 0.5  1 571 581
 60  -73.98153  40.773659 0.5  1 574 584
 61 -73.965635  40.768614 0.5  1 541 551
 62 -73.964997  40.756574 0.5  1 502 512
 63 -73.808445  40.768657 0.5  1 495 505
 64 -73.985684  40.749083 0.5  1 567 577
 65 -73.916383   40.85371 0.5  1 530 540
 66 -73.997244  40.720832 0.5  1 492 502
 67 -73.982816  40.588917 0.5  1 564 574
 68 -73.973031  40.791783 0.5  1 539 549
 69 -73.965635  40.768614 0.5  1 513 523
 70 -73.978732  40.784025 0.5  1 575 585
 71 -74.137434  40.625692 0.5  1 508 518
 72 -73.957942  40.620074 0.5  1 569 579
 73 -73.973031  40.791783 0.5  1 566 576
 74 -73.959634  40.766952 0.5  1 572 582
 75 -73.973031  40.791783 0.5  1 517 527
 76 -73.937115   40.71445 0.5  1 526 536
 77 -73.978732  40.784025 0.5  1 532 542
 78 -74.028521  40.623593 0.5  1 528 538
 79 -73.973031  40.791783 0.5  1 515 525
 80 -73.965635  40.768614 0.5  1 521 531
 81 -73.978732  40.784025 0.5  1 564 574
 82 -73.988457  40.775785 0.5  1 578 588
 83 -73.959634  40.766952 0.5  1 524 534
 84 -73.965635  40.768614 0.5  1 575 585
 85 -73.892665   40.66715 0.5  1 576 586
 86 -73.973031  40.791783 0.5  1 572 582
 87 -73.984196  40.759817 0.5  1 544 554
 88  -73.87344  40.774851 0.5  1 534 544
 89 -73.997244  40.720832 0.5  1 551 561
 90 -73.808445  40.768657 0.5  1 515 525
 91 -74.137434  40.625692 0.5  1 549 559
 92  -73.98153  40.773659 0.5  1 565 575
 93  -73.77942  40.847487 0.5  1 508 518
 94 -73.973031  40.791783 0.5  1 510 520
 95 -73.973031  40.791783 0.5  1 511 521
 96 -73.961707  40.688765 0.5  1 527 537
 97 -73.965635  40.768614 0.5  1 527 537
 98 -73.977041  40.764387 0.5  1 555 565
 99 -73.880543  40.894773 0.5  1 514 524
100 -73.968127   40.67722 0.5  1 514 524
101 -73.977041  40.764387 0.5  1 584 594
102 -73.961707  40.688765 0.5  1 494 504
103 -73.984196  40.759817 0.5  1 503 513
104 -73.959634  40.766952 0.5  1 528 538
105 -73.954055  40.817519 0.5  1 522 532
106 -73.978732  40.784025 0.5  1 520 530
107 -73.901393  40.827988 0.5  1 502 512
108  -73.98153  40.773659 0.5  1 515 525
109 -73.997244  40.720832 0.5  1 553 563
110 -73.880543  40.894773 0.5  1 580 590
111 -73.714486  40.743532 0.5  1 504 514
112 -73.978194  40.639401 0.0  0 550 565
113 -73.870401   40.82829 0.0  0 583 598
114 -73.822478  40.610824 0.0  0 579 594
115 -73.965635  40.768614 0.0  0 563 578
116 -73.755904  40.602582 0.0  0 580 595
117 -73.876275  40.702665 0.0  0 572 587
118 -73.743749  40.677865 0.0  0 557 572
119   -73.8248  40.604909 0.0  0 575 590
120 -73.990664  40.719102 0.0  0 572 587
121 -73.972471   40.75684 0.0  0 561 576
122 -73.978732  40.784025 0.0  0 571 586
123 -73.949629  40.746582 0.0  0 581 596
124 -73.939203  40.593772 0.5 -1 529 539
125 -73.922505  40.829183 0.5 -1 554 564
126 -73.849851  40.832613 0.5 -1 538 548
127 -73.949629  40.746582 0.5 -1 511 521
128 -73.982816  40.588917 0.5 -1 571 581
129 -73.973031  40.791783 0.5 -1 510 520
130 -73.985684  40.749083 0.5 -1 520 530
131 -74.137434  40.625692 0.5 -1 544 554
132 -73.808445  40.768657 0.5 -1 509 519
133 -73.972471   40.75684 0.5 -1 524 534
134 -74.137434  40.625692 0.5 -1 583 593
135 -73.984196  40.759817 0.5 -1 537 547
136 -73.997183  40.728533 0.5 -1 499 509
137 -73.916383   40.85371 0.5 -1 538 548
138 -74.007264  40.718576 0.5 -1 519 529
139  -73.98153  40.773659 0.5 -1 587 597
140 -73.965635  40.768614 0.5 -1 570 580
141 -73.849851  40.832613 0.5 -1 560 570
142 -73.934105    40.7544 0.5 -1 565 575
143 -73.985684  40.749083 0.5 -1 547 557
144 -73.808445  40.768657 0.5 -1 508 518
145 -73.972471   40.75684 0.5 -1 557 567
146  -73.98153  40.773659 0.5 -1 509 519
147 -73.988457  40.775785 0.5 -1 575 585
148 -73.808445  40.768657 0.5 -1 532 542
149 -73.954055  40.817519 0.5 -1 502 512
150 -73.977041  40.764387 0.5 -1 548 558
151 -73.997183  40.728533 0.5 -1 570 580
152 -73.922505  40.829183 0.5 -1 552 562
153 -73.892665   40.66715 0.5 -1 564 574
154 -73.965635  40.768614 0.5 -1 527 537
155 -73.982816  40.588917 0.5 -1 511 521
156 -73.977041  40.764387 0.5 -1 535 545
157 -73.932115  40.627947 0.5 -1 504 514
158  -73.87344  40.774851 0.5 -1 519 529
159 -73.988457  40.775785 0.5 -1 571 581
160 -73.965635  40.768614 0.5 -1 507 517
161 -74.137434  40.625692 0.5 -1 509 519
162 -73.808445  40.768657 0.5 -1 588 598
163 -73.880543  40.894773 0.5 -1 538 548
164 -73.957942  40.620074 0.5 -1 535 545
165 -73.965635  40.768614 0.5 -1 524 534
166 -73.776604  40.734061 0.5 -1 509 519
167 -73.736368  40.760667 0.5 -1 577 587
168  -73.77942  40.847487 0.5 -1 547 557
169 -73.882567   40.65882 0.5 -1 586 596
170 -74.100696  40.628387 0.5 -1 535 545
171 -73.968127   40.67722 0.5 -1 584 594
172 -73.916166  40.830608 0.5 -1 589 599
173  -73.98153  40.773659 0.5 -1 547 557
174 -73.964997  40.756574 0.5 -1 506 516
175  -73.91396  40.818335 0.5 -1 508 518
176  -73.98153  40.773659 0.5 -1 575 585
177  -73.98153  40.773659 0.5 -1 545 555
178 -74.007264  40.718576 0.5 -1 498 508
179 -73.959634  40.766952 0.5 -1 584 594
180 -73.973031  40.791783 0.5 -1 539 549
181 -73.965635  40.768614 0.5 -1 516 526
182 -73.901393  40.827988 0.5 -1 580 590
183 -73.972471   40.75684 0.5 -1 515 525
184 -73.808445  40.768657 0.5 -1 573 583
185 -73.714486  40.743532 0.5 -1 576 586
186 -73.972471   40.75684 0.5 -1 583 593
187 -73.959634  40.766952 0.5 -1 531 541
188 -73.977041  40.764387 0.5 -1 540 550
189 -74.137434  40.625692 0.5 -1 549 559
190 -73.808445  40.768657 0.5 -1 551 561
191 -73.965635  40.768614 0.5 -1 521 531
192 -73.965635  40.768614 0.5 -1 524 534
193 -73.972471   40.75684 0.5 -1 575 585
194 -73.973031  40.791783 0.5 -1 587 597
195 -73.972471   40.75684 0.5 -1 533 543
196 -73.985684  40.749083 0.5 -1 588 598
197 -73.917576  40.698971 0.5 -1 583 593
198 -73.972471   40.75684 0.5 -1 577 587
199 -73.959634  40.766952 0.5 -1 549 559
200 -73.954055  40.817519 0.5 -1 557 567
201 -74.137434  40.625692 0.5 -1 561 571
202 -73.973031  40.791783 0.5 -1 526 536
203 -73.982816  40.588917 0.5 -1 560 570
204 -73.882567   40.65882 0.5 -1 576 586
205 -73.997183  40.728533 0.5 -1 526 536
206 -73.972471   40.75684 0.5 -1 517 527
207 -73.959634  40.766952 0.5 -1 519 529
208 -73.983021    40.7153 0.5 -1 554 564
209 -73.882567   40.65882 0.5 -1 533 543
210 -73.965635  40.768614 0.5 -1 562 572
211 -73.959634  40.766952 0.5 -1 532 542
212 -74.169344  40.628762 0.5 -1 538 548
213  -73.87344  40.774851 0.5 -1 589 599
214 -73.985684  40.749083 0.5 -1 500 510
215 -73.984196  40.759817 0.5 -1 526 536
216 -73.945415  40.790479 0.5 -1 540 550
217 -73.973031  40.791783 0.5 -1 538 548
218 -73.965635  40.768614 0.5 -1 529 539
219 -73.880543  40.894773 0.5 -1 508 518
220 -73.990457  40.740237 0.5 -1 526 536
221 -73.988457  40.775785 0.5 -1 557 567
222 -73.997244  40.720832 0.5 -1 584 594
223 -73.965635  40.768614 0.5 -1 518 528