23  400  90  3  30
  0 -73.978194  40.639401 0.0  0 490 610
  1 -73.978194  40.639401 0.0  0 490 610
  2 -73.996506  40.686459 0.0  0 490 610
  3 -73.978194  40.639401 0.0  0 490 610
  4  -74.00751  40.604014 0.0  0 490 610
  5 -73.978194  40.639401 0.0  0 490 610
  6 -73.985315  40.727954 0.0  0 490 610
  7 -73.978194  40.639401 0.0  0 490 610
  8 -74.011011  40.703279 0.0  0 490 610
  9 -73.995258  40.678542 0.0  0 490 610
 10 -73.978194  40.639401 0.0  0 490 610
 11  -73.82063   40.67721 0.0  0 490 610
 12  -73.75395  40.743304 0.0  0 490 610
 13 -73.916383   40.85371 0.0  0 490 610
 14 -74.137434  40.625692 0.0  0 490 610
 15 -73.978194  40.639401 0.0  0 490 610
 16 -73.931208  40.845989 0.0  0 490 610
 17 -73.961707  40.688765 0.0  0 490 610
 18 -73.841037   40.57742 0.0  0 490 610
 19 -74.160442   40.60745 0.0  0 490 610
 20 -74.008677  40.725468 0.0  0 490 610
 21 -73.965434  40.782431 0.0  0 490 610
 22 -73.965635  40.768614 0.0  0 490 610
 23 -73.970355  40.617636 0.5  1 579 589
 24 -73.959634  40.766952 0.5  1 521 531
 25 -73.984196  40.759817 0.5  1 568 578
 26 -73.984196  40.759817 0.5  1 518 528
 27 -73.922505  40.829183 0.5  1 540 550
 28 -74.230644  40.527316 0.5  1 569 579
 29 -73.922505  40.829183 0.5  1 537 547
 30 -73.997244  40.720832 0.5  1 576 586
 31 -73.977041  40.764387 0.5  1 528 538
 32 -73.985684  40.749083 0.5  1 499 509
 33 -73.965635  40.768614 0.5  1 575 585
 34 -73.951008  40.778766 0.5  1 509 519
 35 -73.951008  40.778766 0.5  1 522 532
 36 -73.988457  40.775785 0.5  1 532 542
 37 -73.954055  40.817519 0.5  1 493 503
 38 -73.978732  40.784025 0.5  1 567 577
 39  -73.98153  40.773659 0.5  1 567 577
 40 -73.973031  40.791783 0.5  1 570 580
 41 -74.137434  40.625692 0.5  1 578 588
 42 -73.961707  40.688765 0.5  1 572 582
 43 -73.880543  40.894773 0.5  1 490 500
 44 -74.007264  40.718576 0.5  1 525 535
 45 -73.985684  40.749083 0.5  1 491 501
 46 -73.954055  40.817519 0.5  1 534 544
 47 -73.977041  40.764387 0.5  1 521 531
 48 -73.973031  40.791783 0.5  1 553 563
 49 -73.972471   40.75684 0.5  1 498 508
 50 -74.230644  40.527316 0.5  1 558 568
 51 -73.792412  40.703279 0.5  1 562 572
 52 -73.997183  40.728533 0.5  1 516 526
 53 -73.942966  40.820965 0.5  1 534 544
 54 -73.880543  40.894773 0.5  1 566 576
 55 -73.973031  40.791783 0.5  1 539 549
 56 -73.990457  40.740237 0.5  1 533 543
 57 -74.230644  40.527316 0.5  1 541 551
 58 -73.951008  40.778766 0.5  1 560 570
 59 -74.230644  40.527316 0.5  1 524 534
 60 -73.990457  40.740237 0.5  1 546 556
 61 -73.985684  40.749083 0.5  1 495 505
 62 -73.880543  40.894773 0.5  1 573 583
 63 -73.954055  40.817519 0.5  1 544 554
 64 -73.965635  40.768614 0.5  1 578 588
 65  -73.98153  40.773659 0.5  1 579 589
 66 -73.997183  40.728533 0.5  1 511 521
 67  -73.91396  40.818335 0.5  1 545 555
 68  -73.99591  40.766568 0.5  1 545 555
 69 -73.932115  40.627947 0.5  1 561 571
 70 -73.965635  40.768614 0.5  1 549 559
 71 -73.997244  40.720832 0.5  1 505 515
 72 -73.911226  40.875598 0.5  1 518 528
 73 -73.997183  40.728533 0.5  1 526 536
 74 -73.988457  40.775785 0.5  1 537 547
 75 -74.007264  40.718576 0.5  1 528 538
 76 -73.916383   40.85371 0.5  1 507 517
 77  -73.98153  40.773659 0.5  1 535 545
 78 -73.880543  40.894773 0.5  1 539 549
 79 -73.736368  40.760667 0.5  1 568 578
 80 -73.997244  40.720832 0.5  1 504 514
 81 -74.137434  40.625692 0.5  1 525 535
 82 -73.945415  40.790479 0.5  1 521 531
 83 -73.808445  40.768657 0.5  1 562 572
 84 -73.882567   40.65882 0.5  1 498 508
 85 -73.954055  40.817519 0.5  1 496 506
 86 -73.945415  40.790479 0.5  1 552 562
 87 -73.978732  40.784025 0.5  1 571 581
 88 -73.978732  40.784025 0.5  1 501 511
 89 -74.100696  40.628387 0.5  1 574 584
 90 -73.965635  40.768614 0.5  1 556 566
 91 -73.973031  40.791783 0.5  1 508 518
 92 -73.965635  40.768614 0.5  1 559 569
 93 -73.885594  40.813915 0.5  1 505 515
 94 -73.755904  40.602582 0.5  1 577 587
 95 -73.973031  40.791783 0.5  1 573 583
 96 -73.978732  40.784025 0.5  1 571 581
 97 -73.959634  40.766952 0.5  1 542 552
 98 -73.997183  40.728533 0.5  1 557 567
 99 -73.951008  40.778766 0.5  1 562 572
100 -73.957942  40.620074 0.5  1 522 532
101 -73.951008  40.778766 0.5  1 520 530
102 -73.965635  40.768614 0.5  1 539 549
103  -73.98153  40.773659 0.5  1 499 509
104 -73.880543  40.894773 0.5  1 537 547
105 -73.965635  40.768614 0.5  1 554 564
106  -73.98153  40.773659 0.5  1 532 542
107 -73.808445  40.768657 0.5  1 502 512
108 -73.965635  40.768614 0.5  1 549 559
109 -73.988457  40.775785 0.5  1 532 542
110 -73.945636   40.66728 0.5  1 551 561
111 -73.937115   40.71445 0.5  1 511 521
112 -73.982816  40.588917 0.5  1 573 583
113 -73.951008  40.778766 0.5  1 525 535
114  -73.98153  40.773659 0.5  1 524 534
115 -73.808445  40.768657 0.5  1 490 500
116 -73.961707  40.688765 0.5  1 499 509
117 -73.951008  40.778766 0.5  1 559 569
118 -74.007264  40.718576 0.5  1 514 524
119 -73.829514  40.873436 0.5  1 514 524
120 -73.951008  40.778766 0.5  1 531 541
121  -73.96998  40.749124 0.5  1 529 539
122 -74.230644  40.527316 0.5  1 542 552
123 -73.959634  40.766952 0.5  1 553 563
124 -73.972471   40.75684 0.5  1 582 592
125 -74.011011  40.703279 0.5  1 520 530
126 -73.972471   40.75684 0.5  1 551 561
127 -73.984196  40.759817 0.5  1 533 543
128  -73.87344  40.774851 0.5  1 576 586
129  -73.99591  40.766568 0.5  1 544 554
130 -73.982816  40.588917 0.5  1 492 502
131 -73.954055  40.817519 0.5  1 539 549
132 -73.849851  40.832613 0.5  1 516 526
133 -73.942966  40.820965 0.5  1 490 500
134 -73.882567   40.65882 0.5  1 491 501
135 -73.982816  40.588917 0.5  1 584 594
136 -73.973031  40.791783 0.5  1 504 514
137 -73.880543  40.894773 0.5  1 509 519
138 -73.880543  40.894773 0.5  1 517 527
139 -73.978732  40.784025 0.5  1 564 574
140 -73.951008  40.778766 0.5  1 535 545
141 -73.916166  40.830608 0.5  1 538 548
142 -73.965635  40.768614 0.5  1 529 539
143 -73.977041  40.764387 0.5  1 510 520
144 -73.965635  40.768614 0.5  1 492 502
145 -73.997244  40.720832 0.5  1 580 590
146 -73.916166  40.830608 0.5  1 505 515
147 -73.965635  40.768614 0.5  1 535 545
148 -73.973031  40.791783 0.5  1 519 529
149 -73.916166  40.830608 0.5  1 508 518
150 -74.028521  40.623593 0.5  1 539 549
151 -73.954055  40.817519 0.5  1 515 525
152 -73.882567   40.65882 0.5  1 540 550
153 -73.965635  40.768614 0.5  1 541 551
154 -73.916166  40.830608 0.5  1 539 549
155 -73.997244  40.720832 0.5  1 507 517
156 -73.961707  40.688765 0.5  1 534 544
157 -73.984196  40.759817 0.5  1 520 530
158 -73.932115  40.627947 0.5  1 563 573
159 -73.973031  40.791783 0.5  1 531 541
160 -73.916166  40.830608 0.5  1 573 583
161 -73.985684  40.749083 0.5  1 523 533
162 -73.951008  40.778766 0.5  1 526 536
163 -73.965635  40.768614 0.5  1 513 523
164 -73.973031  40.791783 0.5  1 501 511
165 -73.916166  40.830608 0.5  1 534 544
166 -73.959634  40.766952 0.5  1 490 500
167 -73.972471   40.75684 0.5  1 559 569
168 -74.137434  40.625692 0.5  1 527 537
169 -73.961707  40.688765 0.5  1 522 532
170 -74.137434  40.625692 0.5  1 530 540
171 -73.984196  40.759817 0.5  1 503 513
172 -73.951008  40.778766 0.5  1 568 578
173 -73.954055  40.817519 0.5  1 494 504
174 -73.905844  40.778402 0.5  1 504 514
175 -73.901393  40.827988 0.5  1 507 517
176 -74.007264  40.718576 0.5  1 513 523
177 -74.230644  40.527316 0.5  1 556 566
178 -73.901393  40.827988 0.5  1 532 542
179 -73.880543  40.894773 0.5  1 497 507
180 -73.885594  40.813915 0.5  1 492 502
181 -73.961707  40.688765 0.5  1 549 559
182 -73.978732  40.784025 0.5  1 500 510
183 -74.230644  40.527316 0.5  1 575 585
184 -73.973031  40.791783 0.5  1 546 556
185 -73.965635  40.768614 0.5  1 548 558
186 -73.965635  40.768614 0.5  1 573 583
187 -74.137434  40.625692 0.5  1 516 526
188 -73.984196  40.759817 0.5  1 570 580
189 -73.932115  40.627947 0.5  1 516 526
190  -73.98153  40.773659 0.5  1 501 511
191 -73.978732  40.784025 0.5  1 505 515
192 -73.965635  40.768614 0.5  1 513 523
193 -73.916166  40.830608 0.5  1 547 557
194 -73.978732  40.784025 0.5  1 497 507
195 -73.942415  40.673966 0.5  1 544 554
196 -73.997183  40.728533 0.5  1 506 516
197 -73.988457  40.775785 0.5  1 582 592
198 -73.985684  40.749083 0.5  1 514 524
199 -73.982816  40.588917 0.5  1 537 547
200 -73.965635  40.768614 0.5  1 525 535
201 -73.988457  40.775785 0.5  1 491 501
202 -73.951008  40.778766 0.5  1 572 582
203 -73.957942  40.620074 0.5  1 522 532
204 -73.911226  40.875598 0.5  1 490 500
205 -73.922505  40.829183 0.5  1 521 531
206  -73.98725  40.701703 0.5  1 516 526
207 -73.922505  40.829183 0.5  1 512 522
208  -73.91396  40.818335 0.5  1 502 512
209 -74.137434  40.625692 0.5  1 494 504
210 -73.978732  40.784025 0.5  1 515 525
211 -73.957942  40.620074 0.5  1 529 539
212 -74.137434  40.625692 0.5  1 567 577
213 -73.951008  40.778766 0.5  1 583 593
214 -73.983021    40.7153 0.5  1 499 509
215 -73.978732  40.784025 0.5  1 546 556
216 -73.882567   40.65882 0.5  1 532 542
217  -73.98153  40.773659 0.5  1 519 529
218 -74.230644  40.527316 0.5  1 528 538
219 -73.954055  40.817519 0.5  1 532 542
220 -73.973031  40.791783 0.5  1 574 584
221 -73.965635  40.768614 0.5  1 547 557
222 -73.776604  40.734061 0.5  1 493 503
223 -73.972471   40.75684 0.0  0 585 600
224  -73.96066  40.640806 0.0  0 575 590
225 -73.770298  40.660283 0.0  0 565 580
226 -74.100696  40.628387 0.0  0 563 578
227 -73.965635  40.768614 0.0  0 563 578
228 -73.978732  40.784025 0.0  0 560 575
229 -73.755904  40.602582 0.0  0 579 594
230 -73.949629  40.746582 0.0  0 564 579
231 -73.743749  40.677865 0.0  0 550 565
232  -73.87344  40.774851 0.0  0 584 599
233 -73.870401   40.82829 0.0  0 569 584
234 -73.985684  40.749083 0.0  0 562 577
235 -73.892665   40.66715 0.0  0 564 579
236 -73.822478  40.610824 0.0  0 569 584
237 -73.934105    40.7544 0.0  0 593 608
238 -73.870401   40.82829 0.0  0 568 583
239 -73.970355  40.617636 0.0  0 555 570
240  -73.76343  40.691703 0.0  0 594 609
241 -73.996971  40.742283 0.0  0 583 598
242 -73.973031  40.791783 0.0  0 592 607
243 -73.977648  40.747725 0.0  0 559 574
244 -74.009958  40.653593 0.0  0 556 571
245 -73.876275  40.702665 0.0  0 554 569
246 -73.892665   40.66715 0.5 -1 589 599
247 -73.972471   40.75684 0.5 -1 533 543
248 -73.973031  40.791783 0.5 -1 578 588
249  -73.98153  40.773659 0.5 -1 523 533
250 -73.808445  40.768657 0.5 -1 551 561
251 -73.880543  40.894773 0.5 -1 575 585
252 -73.922505  40.829183 0.5 -1 559 569
253 -73.978732  40.784025 0.5 -1 583 593
254 -73.957942  40.620074 0.5 -1 533 543
255 -73.808445  40.768657 0.5 -1 502 512
256 -73.985684  40.749083 0.5 -1 588 598
257 -73.965635  40.768614 0.5 -1 516 526
258 -73.972471   40.75684 0.5 -1 530 540
259 -73.959634  40.766952 0.5 -1 548 558
260  -73.98153  40.773659 0.5 -1 509 519
261 -73.959634  40.766952 0.5 -1 587 597
262 -73.983021    40.7153 0.5 -1 589 599
263  -73.98153  40.773659 0.5 -1 579 589
264 -73.916383   40.85371 0.5 -1 580 590
265 -73.829514  40.873436 0.5 -1 576 586
266 -73.880543  40.894773 0.5 -1 495 505
267 -73.808445  40.768657 0.5 -1 531 541
268 -73.965635  40.768614 0.5 -1 502 512
269 -73.965635  40.768614 0.5 -1 539 549
270 -73.988457  40.775785 0.5 -1 534 544
271 -73.988457  40.775785 0.5 -1 566 576
272 -73.959634  40.766952 0.5 -1 506 516
273 -73.945415  40.790479 0.5 -1 563 573
274 -73.964536  40.599928 0.5 -1 585 595
275 -73.849851  40.832613 0.5 -1 518 528
276 -73.882567   40.65882 0.5 -1 538 548
277 -73.984196  40.759817 0.5 -1 578 588
278 -73.973031  40.791783 0.5 -1 539 549
279 -73.951008  40.778766 0.5 -1 544 554
280 -73.977041  40.764387 0.5 -1 546 556
281 -73.922505  40.829183 0.5 -1 585 595
282 -73.972471   40.75684 0.5 -1 532 542
283 -73.977041  40.764387 0.5 -1 552 562
284 -73.965635  40.768614 0.5 -1 503 513
285  -73.98153  40.773659 0.5 -1 587 597
286 -73.882567   40.65882 0.5 -1 550 560
287 -73.973031  40.791783 0.5 -1 583 593
288 -73.959634  40.766952 0.5 -1 582 592
289 -73.885594  40.813915 0.5 -1 518 528
290 -73.932115  40.627947 0.5 -1 549 559
291 -73.736764  40.693361 0.5 -1 567 577
292 -73.829514  40.873436 0.5 -1 569 579
293 -73.977041  40.764387 0.5 -1 556 566
294 -73.808445  40.768657 0.5 -1 524 534
295 -73.988457  40.775785 0.5 -1 531 541
296 -73.972471   40.75684 0.5 -1 536 546
297 -73.985684  40.749083 0.5 -1 543 553
298 -73.959634  40.766952 0.5 -1 537 547
299 -73.870401   40.82829 0.5 -1 518 528
300 -73.830055   40.69268 0.5 -1 570 580
301 -73.982816  40.588917 0.5 -1 560 570
302 -73.736368  40.760667 0.5 -1 577 587
303 -73.961707  40.688765 0.5 -1 507 517
304 -73.973031  40.791783 0.5 -1 536 546
305 -73.882567   40.65882 0.5 -1 523 533
306 -73.972471   40.75684 0.5 -1 566 576
307 -73.996506  40.686459 0.5 -1 525 535
308 -73.880543  40.894773 0.5 -1 502 512
309 -73.882567   40.65882 0.5 -1 555 565
310 -73.988457  40.775785 0.5 -1 578 588
311 -73.997183  40.728533 0.5 -1 523 533
312 -73.945415  40.790479 0.5 -1 588 598
313 -73.973031  40.791783 0.5 -1 560 570
314 -73.973031  40.791783 0.5 -1 511 521
315 -73.985684  40.749083 0.5 -1 568 578
316  -73.91396  40.818335 0.5 -1 507 517
317 -73.968127   40.67722 0.5 -1 588 598
318 -73.959634  40.766952 0.5 -1 577 587
319 -73.972471   40.75684 0.5 -1 584 594
320  -73.87344  40.774851 0.5 -1 553 563
321 -73.997183  40.728533 0.5 -1 561 571
322 -73.972471   40.75684 0.5 -1 578 588
323 -74.230644  40.527316 0.5 -1 539 549
324 -73.972471   40.75684 0.5 -1 530 540
325 -73.973031  40.791783 0.5 -1 544 554
326 -73.951008  40.778766 0.5 -1 503 513
327 -73.965635  40.768614 0.5 -1 546 556
328 -73.792412  40.703279 0.5 -1 578 588
329 -74.230644  40.527316 0.5 -1 541 551
330 -73.977041  40.764387 0.5 -1 510 520
331 -73.978732  40.784025 0.5 -1 556 566
332 -73.829514  40.873436 0.5 -1 539 549
333 -73.945636   40.66728 0.5 -1 558 568
334 -74.137434  40.625692 0.5 -1 520 530
335 -73.959634  40.766952 0.5 -1 589 599
336 -73.973031  40.791783 0.5 -1 532 542
337 -73.984196  40.759817 0.5 -1 529 539
338 -73.714486  40.743532 0.5 -1 495 505
339 -74.230644  40.527316 0.5 -1 506 516
340 -73.985684  40.749083 0.5 -1 568 578
341 -73.959634  40.766952 0.5 -1 533 543
342 -74.028521  40.623593 0.5 -1 526 536
343 -74.011011  40.703279 0.5 -1 542 552
344  -73.85494  40.689977 0.5 -1 550 560
345 -73.957942  40.620074 0.5 -1 548 558
346 -73.934105    40.7544 0.5 -1 570 580
347 -73.957942  40.620074 0.5 -1 588 598
348 -73.743749  40.677865 0.5 -1 547 557
349 -74.137434  40.625692 0.5 -1 556 566
350 -73.965635  40.768614 0.5 -1 541 551
351 -73.984196  40.759817 0.5 -1 584 594
352 -73.959634  40.766952 0.5 -1 576 586
353 -73.922505  40.829183 0.5 -1 503 513
354 -73.954055  40.817519 0.5 -1 544 554
355 -73.922505  40.829183 0.5 -1 526 536
356 -73.965434  40.782431 0.5 -1 498 508
357 -73.965434  40.782431 0.5 -1 501 511
358  -73.87344  40.774851 0.5 -1 589 599
359 -74.230644  40.527316 0.5 -1 515 525
360 -73.965635  40.768614 0.5 -1 520 530
361 -73.984196  40.759817 0.5 -1 537 547
362 -73.972471   40.75684 0.5 -1 575 585
363 -73.977041  40.764387 0.5 -1 545 555
364 -73.982816  40.588917 0.5 -1 551 561
365 -73.977041  40.764387 0.5 -1 537 547
366  -73.98153  40.773659 0.5 -1 522 532
367 -73.988457  40.775785 0.5 -1 501 511
368 -73.880543  40.894773 0.5 -1 584 594
369 -73.916166  40.830608 0.5 -1 508 518
370 -73.972471   40.75684 0.5 -1 543 553
371 -73.959634  40.766952 0.5 -1 526 536
372 -73.977041  40.764387 0.5 -1 514 524
373 -73.916383   40.85371 0.5 -1 553 563
374 -73.977041  40.764387 0.5 -1 533 543
375 -73.882567   40.65882 0.5 -1 543 553
376  -73.98153  40.773659 0.5 -1 547 557
377 -73.932115  40.627947 0.5 -1 543 553
378 -73.972471   40.75684 0.5 -1 516 526
379 -73.985684  40.749083 0.5 -1 539 549
380 -73.973031  40.791783 0.5 -1 525 535
381 -73.880543  40.894773 0.5 -1 582 592
382 -73.973031  40.791783 0.5 -1 536 546
383 -73.932115  40.627947 0.5 -1 578 588
384 -74.002947  40.641535 0.5 -1 540 550
385 -73.965635  40.768614 0.5 -1 535 545
386 -73.965635  40.768614 0.5 -1 516 526
387 -73.972471   40.75684 0.5 -1 511 521
388 -73.990457  40.740237 0.5 -1 545 555
389 -73.985684  40.749083 0.5 -1 502 512
390 -73.946428  40.606329 0.5 -1 578 588
391 -73.916383   40.85371 0.5 -1 538 548
392 -74.230644  40.527316 0.5 -1 530 540
393 -73.916383   40.85371 0.5 -1 544 554
394 -73.984196  40.759817 0.5 -1 526 536
395  -73.98153  40.773659 0.5 -1 573 583
396 -73.997244  40.720832 0.5 -1 503 513
397 -73.995258  40.678542 0.5 -1 510 520
398 -74.230644  40.527316 0.5 -1 517 527
399 -73.849851  40.832613 0.5 -1 522 532
400 -74.230644  40.527316 0.5 -1 559 569
401 -73.988457  40.775785 0.5 -1 543 553
402 -73.978732  40.784025 0.5 -1 501 511
403 -73.714486  40.743532 0.5 -1 500 510
404 -73.972471   40.75684 0.5 -1 554 564
405 -73.984196  40.759817 0.5 -1 522 532
406 -74.230644  40.527316 0.5 -1 580 590
407 -73.973031  40.791783 0.5 -1 549 559
408 -73.978732  40.784025 0.5 -1 556 566
409 -73.984196  40.759817 0.5 -1 582 592
410 -73.997183  40.728533 0.5 -1 522 532
411 -73.959634  40.766952 0.5 -1 579 589
412 -73.961707  40.688765 0.5 -1 523 533
413 -73.965635  40.768614 0.5 -1 509 519
414  -73.96066  40.640806 0.5 -1 526 536
415 -73.972471   40.75684 0.5 -1 521 531
416 -73.985684  40.749083 0.5 -1 554 564
417 -73.880543  40.894773 0.5 -1 501 511
418 -73.989836  40.762249 0.5 -1 552 562
419 -73.916383   40.85371 0.5 -1 510 520
420 -73.973031  40.791783 0.5 -1 589 599
421 -73.972471   40.75684 0.5 -1 520 530
422 -73.808445  40.768657 0.5 -1 542 552
423 -73.965635  40.768614 0.5 -1 527 537
424 -74.100696  40.628387 0.5 -1 504 514
425 -73.977041  40.764387 0.5 -1 579 589
426  -73.87344  40.774851 0.5 -1 530 540
427 -73.985315  40.727954 0.5 -1 508 518
428 -73.870401   40.82829 0.5 -1 533 543
429 -73.990457  40.740237 0.5 -1 530 540
430  -73.98153  40.773659 0.5 -1 530 540
431 -73.714486  40.743532 0.5 -1 508 518
432 -73.973031  40.791783 0.5 -1 507 517
433 -73.978732  40.784025 0.5 -1 517 527
434 -73.972471   40.75684 0.5 -1 531 541
435 -73.922505  40.829183 0.5 -1 572 582
436 -73.965635  40.768614 0.5 -1 587 597
437 -73.922505  40.829183 0.5 -1 509 519
438 -73.986472  40.685719 0.5 -1 553 563
439 -73.978732  40.784025 0.5 -1 539 549
440 -73.977041  40.764387 0.5 -1 524 534
441  -73.98153  40.773659 0.5 -1 533 543
442 -73.984196  40.759817 0.5 -1 554 564
443  -73.98153  40.773659 0.5 -1 580 590
444 -73.965635  40.768614 0.5 -1 549 559
445 -73.982816  40.588917 0.5 -1 512 522