11  200  90  3  30
  0 -73.996506  40.686459 0.0  0 490 610
  1 -73.841037   40.57742 0.0  0 490 610
  2 -74.008677  40.725468 0.0  0 490 610
  3  -74.00751  40.604014 0.0  0 490 610
  4 -73.916166  40.830608 0.0  0 490 610
  5 -73.900826  40.704618 0.0  0 490 610
  6 -73.978194  40.639401 0.0  0 490 610
  7 -73.996022  40.696257 0.0  0 490 610
  8 -73.882567   40.65882 0.0  0 490 610
  9 -74.160442   40.60745 0.0  0 490 610
 10 -74.137434  40.625692 0.0  0 490 610
 11 -73.978732  40.784025 0.5  1 540 545
 12 -73.965635  40.768614 0.5  1 556 561
 13 -74.137434  40.625692 0.5  1 546 551
 14  -73.87344  40.774851 0.5  1 577 582
 15 -73.997183  40.728533 0.5  1 491 496
 16 -73.973031  40.791783 0.5  1 523 528
 17 -73.911226  40.875598 0.5  1 521 526
 18 -73.977041  40.764387 0.5  1 545 550
 19 -73.965635  40.768614 0.5  1 523 528
 20 -73.984196  40.759817 0.5  1 518 523
 21 -73.988457  40.775785 0.5  1 521 526
 22 -73.849851  40.832613 0.5  1 504 509
 23 -73.973031  40.791783 0.5  1 522 527
 24 -73.997183  40.728533 0.5  1 517 522
 25 -73.977041  40.764387 0.5  1 577 582
 26 -73.714486  40.743532 0.5  1 555 560
 27 -73.988457  40.775785 0.5  1 544 549
 28 -73.984196  40.759817 0.5  1 580 585
 29 -73.965635  40.768614 0.5  1 520 525
 30 -73.973031  40.791783 0.5  1 543 548
 31 -73.965635  40.768614 0.5  1 496 501
 32 -74.007264  40.718576 0.5  1 543 548
 33 -73.961707  40.688765 0.5  1 526 531
 34 -73.977041  40.764387 0.5  1 574 579
 35 -73.977725  40.724137 0.5  1 559 564
 36 -73.942966  40.820965 0.5  1 531 536
 37 -73.880543  40.894773 0.5  1 578 583
 38 -73.965635  40.768614 0.5  1 550 555
 39 -73.932115  40.627947 0.5  1 505 510
 40 -74.230644  40.527316 0.5  1 531 536
 41 -73.934105    40.7544 0.5  1 543 548
 42 -74.137434  40.625692 0.5  1 555 560
 43 -73.932115  40.627947 0.5  1 522 527
 44 -73.985684  40.749083 0.5  1 502 507
 45 -74.230644  40.527316 0.5  1 533 538
 46 -73.945415  40.790479 0.5  1 536 541
 47 -73.882567   40.65882 0.5  1 522 527
 48 -73.978732  40.784025 0.5  1 574 579
 49 -73.982816  40.588917 0.5  1 501 506
 50 -73.951008  40.778766 0.5  1 528 533
 51 -73.959634  40.766952 0.5  1 502 507
 52 -73.968127   40.67722 0.5  1 557 562
 53  -73.98153  40.773659 0.5  1 541 546
 54 -73.916166  40.830608 0.5  1 564 569
 55 -73.916383   40.85371 0.5  1 565 570
 56 -73.961707  40.688765 0.5  1 581 586
 57 -73.714486  40.743532 0.5  1 514 519
 58 -73.954055  40.817519 0.5  1 547 552
 59 -73.957942  40.620074 0.5  1 532 537
 60 -73.961707  40.688765 0.5  1 533 538
 61 -73.965635  40.768614 0.5  1 538 543
 62 -73.965635  40.768614 0.5  1 509 514
 63 -73.959634  40.766952 0.5  1 544 549
 64 -73.961707  40.688765 0.5  1 519 524
 65 -73.997183  40.728533 0.5  1 570 575
 66 -73.984196  40.759817 0.5  1 534 539
 67 -74.087322  40.620123 0.5  1 532 537
 68 -73.990664  40.719102 0.5  1 522 527
 69 -73.973031  40.791783 0.5  1 548 553
 70 -73.997244  40.720832 0.5  1 510 515
 71 -73.965635  40.768614 0.5  1 505 510
 72 -73.714486  40.743532 0.5  1 494 499
 73 -73.988457  40.775785 0.5  1 516 521
 74 -73.985684  40.749083 0.5  1 578 583
 75 -73.961707  40.688765 0.5  1 526 531
 76 -73.977041  40.764387 0.5  1 513 518
 77  -73.98153  40.773659 0.5  1 501 506
 78 -73.983021    40.7153 0.5  1 528 533
 79 -73.965635  40.768614 0.5  1 588 593
 80 -73.965635  40.768614 0.5  1 534 539
 81 -73.922505  40.829183 0.5  1 523 528
 82 -73.880543  40.894773 0.5  1 528 533
 83 -73.934105    40.7544 0.5  1 503 508
 84 -73.982816  40.588917 0.5  1 511 516
 85 -74.007264  40.718576 0.5  1 592 597
 86  -73.93741  40.805613 0.5  1 566 571
 87 -73.977041  40.764387 0.5  1 579 584
 88 -73.997244  40.720832 0.5  1 504 509
 89 -74.230644  40.527316 0.5  1 534 539
 90 -73.959634  40.766952 0.5  1 532 537
 91  -73.87344  40.774851 0.5  1 537 542
 92 -73.954055  40.817519 0.5  1 547 552
 93 -73.973031  40.791783 0.5  1 589 594
 94 -74.230644  40.527316 0.5  1 511 516
 95 -73.978732  40.784025 0.5  1 552 557
 96 -73.951008  40.778766 0.5  1 577 582
 97 -73.973031  40.791783 0.5  1 569 574
 98 -73.973031  40.791783 0.5  1 584 589
 99 -74.230644  40.527316 0.5  1 556 561
100 -73.961707  40.688765 0.5  1 515 520
101 -73.959634  40.766952 0.5  1 545 550
102 -73.935798  40.858637 0.5  1 558 563
103 -73.880543  40.894773 0.5  1 568 573
104 -73.714486  40.743532 0.5  1 532 537
105 -73.997183  40.728533 0.5  1 527 532
106 -74.137434  40.625692 0.5  1 556 561
107 -73.916383   40.85371 0.5  1 537 542
108 -73.973031  40.791783 0.5  1 540 545
109 -73.972471   40.75684 0.5  1 572 577
110 -74.230644  40.527316 0.5  1 570 575
111 -73.770298  40.660283 0.0  0 583 598
112 -73.996971  40.742283 0.0  0 566 581
113 -73.977648  40.747725 0.0  0 564 579
114 -73.965635  40.768614 0.0  0 571 586
115 -73.978194  40.639401 0.0  0 565 580
116  -73.96998  40.749124 0.0  0 585 600
117  -73.96066  40.640806 0.0  0 580 595
118 -73.961707  40.688765 0.0  0 593 608
119 -73.785274  40.784888 0.0  0 592 607
120 -73.973031  40.791783 0.0  0 551 566
121 -73.934105    40.7544 0.0  0 578 593
122 -73.882567   40.65882 0.5 -1 549 554
123  -73.98153  40.773659 0.5 -1 562 567
124 -73.885594  40.813915 0.5 -1 553 558
125 -73.808445  40.768657 0.5 -1 582 587
126 -73.977041  40.764387 0.5 -1 504 509
127 -73.977041  40.764387 0.5 -1 527 532
128 -73.942966  40.820965 0.5 -1 526 531
129 -73.916383   40.85371 0.5 -1 551 556
130 -74.230644  40.527316 0.5 -1 531 536
131  -73.87344  40.774851 0.5 -1 526 531
132 -73.973031  40.791783 0.5 -1 531 536
133 -73.937115   40.71445 0.5 -1 513 518
134 -73.959634  40.766952 0.5 -1 529 534
135 -73.997183  40.728533 0.5 -1 520 525
136 -73.946428  40.606329 0.5 -1 592 597
137 -73.988457  40.775785 0.5 -1 564 569
138 -73.922505  40.829183 0.5 -1 557 562
139 -73.985684  40.749083 0.5 -1 584 589
140 -73.957942  40.620074 0.5 -1 534 539
141 -73.714486  40.743532 0.5 -1 553 558
142  -73.98153  40.773659 0.5 -1 503 508
143 -73.714486  40.743532 0.5 -1 546 551
144 -73.965635  40.768614 0.5 -1 536 541
145 -73.984196  40.759817 0.5 -1 576 581
146 -73.790208  40.596094 0.5 -1 585 590
147 -74.007264  40.718576 0.5 -1 549 554
148  -73.98153  40.773659 0.5 -1 588 593
149 -73.959634  40.766952 0.5 -1 559 564
150 -73.808445  40.768657 0.5 -1 512 517
151  -73.98153  40.773659 0.5 -1 536 541
152 -73.934105    40.7544 0.5 -1 543 548
153 -73.916383   40.85371 0.5 -1 560 565
154 -73.957942  40.620074 0.5 -1 535 540
155 -73.808445  40.768657 0.5 -1 507 512
156 -73.808445  40.768657 0.5 -1 548 553
157 -73.972471   40.75684 0.5 -1 570 575
158  -73.98153  40.773659 0.5 -1 532 537
159 -73.880543  40.894773 0.5 -1 579 584
160 -73.937115   40.71445 0.5 -1 503 508
161 -73.973031  40.791783 0.5 -1 535 540
162 -73.916383   40.85371 0.5 -1 518 523
163 -73.968127   40.67722 0.5 -1 560 565
164  -73.87344  40.774851 0.5 -1 549 554
165 -73.916383   40.85371 0.5 -1 569 574
166  -73.87344  40.774851 0.5 -1 571 576
167 -73.829514  40.873436 0.5 -1 584 589
168 -73.985684  40.749083 0.5 -1 519 524
169 -73.882567   40.65882 0.5 -1 553 558
170 -73.972471   40.75684 0.5 -1 534 539
171 -73.885594  40.813915 0.5 -1 545 550
172 -73.972471   40.75684 0.5 -1 547 552
173 -73.959634  40.766952 0.5 -1 516 521
174 -73.882567   40.65882 0.5 -1 558 563
175 -73.870401   40.82829 0.5 -1 534 539
176 -73.849851  40.832613 0.5 -1 573 578
177 -73.973031  40.791783 0.5 -1 543 548
178 -74.007264  40.718576 0.5 -1 546 551
179 -73.985684  40.749083 0.5 -1 552 557
180 -73.990457  40.740237 0.5 -1 556 561
181 -73.959634  40.766952 0.5 -1 522 527
182 -73.988457  40.775785 0.5 -1 515 520
183 -73.961707  40.688765 0.5 -1 501 506
184 -74.230644  40.527316 0.5 -1 528 533
185 -73.973031  40.791783 0.5 -1 584 589
186 -73.959634  40.766952 0.5 -1 544 549
187  -73.98153  40.773659 0.5 -1 525 530
188 -73.984196  40.759817 0.5 -1 508 513
189 -73.949629  40.746582 0.5 -1 536 541
190 -73.988457  40.775785 0.5 -1 595 600
191 -73.977041  40.764387 0.5 -1 543 548
192 -73.959634  40.766952 0.5 -1 541 546
193 -73.973031  40.791783 0.5 -1 538 543
194  -73.87344  40.774851 0.5 -1 523 528
195  -73.87344  40.774851 0.5 -1 515 520
196 -73.985684  40.749083 0.5 -1 595 600
197 -73.869384   40.69578 0.5 -1 588 593
198 -73.977041  40.764387 0.5 -1 579 584
199 -73.997244  40.720832 0.5 -1 507 512
200 -73.984196  40.759817 0.5 -1 547 552
201  -73.77942  40.847487 0.5 -1 550 555
202 -73.954055  40.817519 0.5 -1 560 565
203 -74.100696  40.628387 0.5 -1 560 565
204 -73.973031  40.791783 0.5 -1 594 599
205 -73.882567   40.65882 0.5 -1 522 527
206 -73.951008  40.778766 0.5 -1 566 571
207 -73.972471   40.75684 0.5 -1 589 594
208 -73.744559  40.659262 0.5 -1 590 595
209 -73.957942  40.620074 0.5 -1 593 598
210 -73.973031  40.791783 0.5 -1 566 571
211 -73.961707  40.688765 0.5 -1 518 523
212  -73.87344  40.774851 0.5 -1 556 561
213 -73.851035  40.849633 0.5 -1 575 580
214  -73.98153  40.773659 0.5 -1 581 586
215 -73.961707  40.688765 0.5 -1 534 539
216 -73.849851  40.832613 0.5 -1 534 539
217 -73.997183  40.728533 0.5 -1 564 569
218 -73.916383   40.85371 0.5 -1 540 545
219 -73.988457  40.775785 0.5 -1 549 554
220 -73.714486  40.743532 0.5 -1 578 583
221  -73.77942  40.847487 0.5 -1 592 597