12  200  90  3  30
  0 -73.931208  40.845989 0.0  0 490 610
  1 -73.985315  40.727954 0.0  0 490 610
  2 -73.978194  40.639401 0.0  0 490 610
  3 -74.007239  40.706659 0.0  0 490 610
  4 -73.900826  40.704618 0.0  0 490 610
  5 -73.996506  40.686459 0.0  0 490 610
  6 -73.978194  40.639401 0.0  0 490 610
  7 -73.916383   40.85371 0.0  0 490 610
  8 -73.807713  40.753778 0.0  0 490 610
  9 -73.961707  40.688765 0.0  0 490 610
 10  -73.75395  40.743304 0.0  0 490 610
 11 -73.965434  40.782431 0.0  0 490 610
 12 -73.997183  40.728533 0.5  1 505 510
 13 -74.137434  40.625692 0.5  1 524 529
 14 -73.978732  40.784025 0.5  1 537 542
 15 -73.965635  40.768614 0.5  1 504 509
 16 -73.965635  40.768614 0.5  1 552 557
 17  -73.87344  40.774851 0.5  1 561 566
 18 -73.951008  40.778766 0.5  1 578 583
 19 -73.951008  40.778766 0.5  1 541 546
 20 -73.973031  40.791783 0.5  1 513 518
 21 -73.984196  40.759817 0.5  1 521 526
 22 -73.961707  40.688765 0.5  1 525 530
 23 -73.973031  40.791783 0.5  1 588 593
 24 -73.988457  40.775785 0.5  1 531 536
 25 -74.230644  40.527316 0.5  1 529 534
 26 -73.982816  40.588917 0.5  1 535 540
 27 -73.916166  40.830608 0.5  1 516 521
 28 -73.937115   40.71445 0.5  1 542 547
 29 -73.973031  40.791783 0.5  1 530 535
 30 -73.942415  40.673966 0.5  1 569 574
 31 -73.986472  40.685719 0.5  1 536 541
 32 -73.954055  40.817519 0.5  1 530 535
 33 -73.959634  40.766952 0.5  1 513 518
 34 -73.882567   40.65882 0.5  1 503 508
 35 -73.965635  40.768614 0.5  1 526 531
 36 -73.978732  40.784025 0.5  1 537 542
 37 -73.932115  40.627947 0.5  1 549 554
 38 -73.922505  40.829183 0.5  1 542 547
 39  -73.98153  40.773659 0.5  1 535 540
 40 -73.973031  40.791783 0.5  1 553 558
 41 -73.961707  40.688765 0.5  1 518 523
 42 -73.990457  40.740237 0.5  1 520 525
 43 -73.808445  40.768657 0.5  1 585 590
 44 -73.965635  40.768614 0.5  1 494 499
 45 -73.990457  40.740237 0.5  1 582 587
 46 -73.961707  40.688765 0.5  1 558 563
 47  -73.98153  40.773659 0.5  1 586 591
 48 -73.965635  40.768614 0.5  1 491 496
 49 -73.965635  40.768614 0.5  1 541 546
 50  -73.87344  40.774851 0.5  1 563 568
 51 -73.997183  40.728533 0.5  1 569 574
 52 -73.954055  40.817519 0.5  1 565 570
 53 -73.985315  40.727954 0.5  1 569 574
 54 -73.965635  40.768614 0.5  1 568 573
 55  -73.87344  40.774851 0.5  1 556 561
 56  -73.98153  40.773659 0.5  1 520 525
 57 -73.916383   40.85371 0.5  1 559 564
 58 -73.951008  40.778766 0.5  1 562 567
 59 -73.932115  40.627947 0.5  1 550 555
 60 -73.997244  40.720832 0.5  1 535 540
 61 -73.808445  40.768657 0.5  1 543 548
 62 -73.916383   40.85371 0.5  1 565 570
 63 -73.973031  40.791783 0.5  1 511 516
 64 -73.957942  40.620074 0.5  1 519 524
 65 -73.965635  40.768614 0.5  1 544 549
 66 -73.978732  40.784025 0.5  1 500 505
 67 -73.977041  40.764387 0.5  1 565 570
 68 -73.808445  40.768657 0.5  1 499 504
 69 -73.916166  40.830608 0.5  1 565 570
 70 -73.988457  40.775785 0.5  1 543 548
 71 -73.978732  40.784025 0.5  1 494 499
 72 -73.997244  40.720832 0.5  1 526 531
 73 -74.087322  40.620123 0.5  1 492 497
 74 -73.957942  40.620074 0.5  1 576 581
 75 -74.137434  40.625692 0.5  1 507 512
 76 -73.965635  40.768614 0.5  1 509 514
 77 -73.916166  40.830608 0.5  1 582 587
 78  -73.98153  40.773659 0.5  1 512 517
 79 -73.985684  40.749083 0.5  1 520 525
 80 -74.230644  40.527316 0.5  1 591 596
 81 -73.978732  40.784025 0.5  1 581 586
 82 -74.150767  40.549092 0.5  1 523 528
 83 -73.978732  40.784025 0.5  1 570 575
 84  -73.87344  40.774851 0.5  1 494 499
 85 -73.930125  40.688713 0.5  1 581 586
 86 -74.028521  40.623593 0.5  1 497 502
 87 -73.965635  40.768614 0.5  1 566 571
 88 -73.965434  40.782431 0.5  1 531 536
 89 -73.965635  40.768614 0.5  1 522 527
 90 -73.922505  40.829183 0.5  1 544 549
 91 -74.137434  40.625692 0.5  1 515 520
 92 -73.984196  40.759817 0.5  1 518 523
 93 -74.007264  40.718576 0.5  1 497 502
 94 -74.230644  40.527316 0.5  1 498 503
 95 -73.916166  40.830608 0.5  1 544 549
 96  -73.91396  40.818335 0.5  1 560 565
 97  -73.87344  40.774851 0.5  1 536 541
 98  -73.87344  40.774851 0.5  1 507 512
 99 -73.972471   40.75684 0.5  1 545 550
100 -73.916383   40.85371 0.5  1 536 541
101 -74.009774  40.735295 0.5  1 582 587
102 -73.988457  40.775785 0.5  1 585 590
103 -73.997183  40.728533 0.5  1 511 516
104 -73.988457  40.775785 0.5  1 523 528
105 -73.714486  40.743532 0.5  1 585 590
106 -73.977041  40.764387 0.5  1 516 521
107 -73.965635  40.768614 0.5  1 553 558
108 -74.137434  40.625692 0.5  1 533 538
109 -73.905844  40.778402 0.5  1 561 566
110 -73.882567   40.65882 0.5  1 535 540
111  -73.98153  40.773659 0.5  1 567 572
112 -73.970355  40.617636 0.0  0 554 569
113 -73.755904  40.602582 0.0  0 586 601
114 -73.870401   40.82829 0.0  0 591 606
115 -73.996971  40.742283 0.0  0 589 604
116  -73.96998  40.749124 0.0  0 590 605
117 -73.770298  40.660283 0.0  0 553 568
118  -73.96066  40.640806 0.0  0 555 570
119 -73.822478  40.610824 0.0  0 579 594
120 -73.990664  40.719102 0.0  0 553 568
121  -73.76343  40.691703 0.0  0 590 605
122 -73.892665   40.66715 0.0  0 587 602
123 -74.009958  40.653593 0.0  0 594 609
124 -73.916166  40.830608 0.5 -1 512 517
125 -74.007264  40.718576 0.5 -1 532 537
126 -74.100696  40.628387 0.5 -1 552 557
127  -73.87344  40.774851 0.5 -1 519 524
128 -73.978732  40.784025 0.5 -1 559 564
129 -73.916383   40.85371 0.5 -1 570 575
130 -73.985684  40.749083 0.5 -1 589 594
131 -73.965635  40.768614 0.5 -1 544 549
132 -73.951008  40.778766 0.5 -1 519 524
133  -73.98153  40.773659 0.5 -1 526 531
134 -74.230644  40.527316 0.5 -1 533 538
135 -73.965635  40.768614 0.5 -1 593 598
136 -73.959634  40.766952 0.5 -1 545 550
137 -74.230644  40.527316 0.5 -1 535 540
138  -73.87344  40.774851 0.5 -1 539 544
139 -73.916166  40.830608 0.5 -1 523 528
140 -73.916166  40.830608 0.5 -1 553 558
141 -74.012643   40.70912 0.5 -1 550 555
142 -73.873306  40.834681 0.5 -1 593 598
143 -73.808445  40.768657 0.5 -1 555 560
144 -74.100696  40.628387 0.5 -1 550 555
145 -73.972471   40.75684 0.5 -1 525 530
146 -73.982816  40.588917 0.5 -1 522 527
147 -73.880543  40.894773 0.5 -1 533 538
148 -73.978732  40.784025 0.5 -1 542 547
149 -73.849851  40.832613 0.5 -1 554 559
150  -73.98153  40.773659 0.5 -1 567 572
151 -74.230644  40.527316 0.5 -1 544 549
152 -73.965635  40.768614 0.5 -1 558 563
153 -73.961707  40.688765 0.5 -1 519 524
154 -73.986472  40.685719 0.5 -1 548 553
155 -73.984196  40.759817 0.5 -1 588 593
156 -73.973031  40.791783 0.5 -1 496 501
157 -73.984196  40.759817 0.5 -1 585 590
158 -73.972471   40.75684 0.5 -1 571 576
159 -73.965635  40.768614 0.5 -1 595 600
160 -73.949629  40.746582 0.5 -1 515 520
161 -73.977041  40.764387 0.5 -1 549 554
162 -73.989836  40.762249 0.5 -1 590 595
163 -73.849851  40.832613 0.5 -1 575 580
164 -73.916166  40.830608 0.5 -1 579 584
165 -73.945415  40.790479 0.5 -1 585 590
166 -73.972471   40.75684 0.5 -1 576 581
167 -73.984196  40.759817 0.5 -1 562 567
168 -73.808445  40.768657 0.5 -1 531 536
169 -73.922505  40.829183 0.5 -1 568 573
170 -73.984196  40.759817 0.5 -1 569 574
171 -73.972471   40.75684 0.5 -1 562 567
172  -73.98153  40.773659 0.5 -1 552 557
173 -73.808445  40.768657 0.5 -1 545 550
174 -73.849851  40.832613 0.5 -1 573 578
175  -73.98153  40.773659 0.5 -1 517 522
176 -73.972471   40.75684 0.5 -1 525 530
177  -73.98153  40.773659 0.5 -1 550 555
178  -73.98153  40.773659 0.5 -1 512 517
179 -73.985684  40.749083 0.5 -1 571 576
180 -73.990457  40.740237 0.5 -1 503 508
181 -73.983021    40.7153 0.5 -1 582 587
182 -73.965635  40.768614 0.5 -1 554 559
183 -73.959634  40.766952 0.5 -1 507 512
184 -73.959634  40.766952 0.5 -1 543 548
185  -73.87344  40.774851 0.5 -1 498 503
186 -73.985684  40.749083 0.5 -1 583 588
187 -73.985684  40.749083 0.5 -1 515 520
188 -73.988457  40.775785 0.5 -1 515 520
189 -73.972471   40.75684 0.5 -1 590 595
190 -73.965635  40.768614 0.5 -1 520 525
191 -74.087322  40.620123 0.5 -1 539 544
192 -73.973031  40.791783 0.5 -1 595 600
193 -73.973031  40.791783 0.5 -1 593 598
194 -73.945177  40.580463 0.5 -1 539 544
195 -73.978732  40.784025 0.5 -1 575 580
196 -73.982816  40.588917 0.5 -1 496 501
197 -73.808445  40.768657 0.5 -1 591 596
198 -73.988457  40.775785 0.5 -1 520 525
199 -73.922505  40.829183 0.5 -1 586 591
200 -73.965635  40.768614 0.5 -1 547 552
201 -73.882567   40.65882 0.5 -1 531 536
202 -73.978732  40.784025 0.5 -1 562 567
203 -73.946428  40.606329 0.5 -1 528 533
204 -73.714486  40.743532 0.5 -1 530 535
205 -73.932115  40.627947 0.5 -1 502 507
206 -73.988457  40.775785 0.5 -1 501 506
207  -73.98153  40.773659 0.5 -1 566 571
208  -73.91396  40.818335 0.5 -1 561 566
209 -73.937115   40.71445 0.5 -1 542 547
210 -73.982816  40.588917 0.5 -1 510 515
211 -73.973031  40.791783 0.5 -1 548 553
212 -73.997183  40.728533 0.5 -1 540 545
213 -74.009774  40.735295 0.5 -1 589 594
214 -73.973031  40.791783 0.5 -1 592 597
215 -73.988457  40.775785 0.5 -1 528 533
216 -73.849851  40.832613 0.5 -1 539 544
217 -73.977041  40.764387 0.5 -1 592 597
218 -73.959634  40.766952 0.5 -1 523 528
219 -73.985684  40.749083 0.5 -1 561 566
220 -73.984196  40.759817 0.5 -1 542 547
221 -73.945636   40.66728 0.5 -1 583 588
222 -73.978732  40.784025 0.5 -1 542 547
223 -73.808445  40.768657 0.5 -1 581 586