22  400  90  3  30
  0 -73.978194  40.639401 0.0  0 490 610
  1 -74.008677  40.725468 0.0  0 490 610
  2 -73.900826  40.704618 0.0  0 490 610
  3 -73.961707  40.688765 0.0  0 490 610
  4 -73.968127   40.67722 0.0  0 490 610
  5 -73.807713  40.753778 0.0  0 490 610
  6 -73.978194  40.639401 0.0  0 490 610
  7 -74.160442   40.60745 0.0  0 490 610
  8 -73.965434  40.782431 0.0  0 490 610
  9 -73.978194  40.639401 0.0  0 490 610
 10 -73.939203  40.593772 0.0  0 490 610
 11 -73.978194  40.639401 0.0  0 490 610
 12 -73.985315  40.727954 0.0  0 490 610
 13  -73.75395  40.743304 0.0  0 490 610
 14 -73.882567   40.65882 0.0  0 490 610
 15 -73.882567   40.65882 0.0  0 490 610
 16 -74.011011  40.703279 0.0  0 490 610
 17 -73.772985  40.720452 0.0  0 490 610
 18  -74.00751  40.604014 0.0  0 490 610
 19 -73.916383   40.85371 0.0  0 490 610
 20 -73.995258  40.678542 0.0  0 490 610
 21 -73.995258  40.678542 0.0  0 490 610
 22 -73.880543  40.894773 0.5  1 569 574
 23 -73.808445  40.768657 0.5  1 538 543
 24 -73.988457  40.775785 0.5  1 560 565
 25 -73.982816  40.588917 0.5  1 520 525
 26 -73.885594  40.813915 0.5  1 551 556
 27 -73.954055  40.817519 0.5  1 547 552
 28 -73.714486  40.743532 0.5  1 544 549
 29 -73.880543  40.894773 0.5  1 511 516
 30 -73.882567   40.65882 0.5  1 517 522
 31 -73.973031  40.791783 0.5  1 539 544
 32 -73.973031  40.791783 0.5  1 541 546
 33 -73.977041  40.764387 0.5  1 526 531
 34 -73.959634  40.766952 0.5  1 527 532
 35 -73.972471   40.75684 0.5  1 538 543
 36 -74.087322  40.620123 0.5  1 543 548
 37 -73.951008  40.778766 0.5  1 579 584
 38 -74.137434  40.625692 0.5  1 539 544
 39 -73.882567   40.65882 0.5  1 494 499
 40 -73.997244  40.720832 0.5  1 567 572
 41 -73.973031  40.791783 0.5  1 540 545
 42 -73.957942  40.620074 0.5  1 550 555
 43 -74.230644  40.527316 0.5  1 513 518
 44 -73.965635  40.768614 0.5  1 563 568
 45 -74.137434  40.625692 0.5  1 494 499
 46 -73.714486  40.743532 0.5  1 493 498
 47 -74.137434  40.625692 0.5  1 560 565
 48 -73.982816  40.588917 0.5  1 553 558
 49 -73.977041  40.764387 0.5  1 548 553
 50 -73.965635  40.768614 0.5  1 516 521
 51 -73.982816  40.588917 0.5  1 503 508
 52 -73.988457  40.775785 0.5  1 549 554
 53 -73.973031  40.791783 0.5  1 578 583
 54 -73.988457  40.775785 0.5  1 518 523
 55 -73.957942  40.620074 0.5  1 519 524
 56 -74.087322  40.620123 0.5  1 544 549
 57  -73.98153  40.773659 0.5  1 584 589
 58 -73.973031  40.791783 0.5  1 584 589
 59 -74.028521  40.623593 0.5  1 543 548
 60 -73.916166  40.830608 0.5  1 549 554
 61 -73.990457  40.740237 0.5  1 538 543
 62 -74.137434  40.625692 0.5  1 570 575
 63 -73.977041  40.764387 0.5  1 497 502
 64 -73.880543  40.894773 0.5  1 579 584
 65 -73.978732  40.784025 0.5  1 573 578
 66 -73.965635  40.768614 0.5  1 526 531
 67 -73.951008  40.778766 0.5  1 544 549
 68 -73.973031  40.791783 0.5  1 549 554
 69 -73.957942  40.620074 0.5  1 533 538
 70 -73.961707  40.688765 0.5  1 565 570
 71 -73.916383   40.85371 0.5  1 588 593
 72 -73.954055  40.817519 0.5  1 518 523
 73 -73.954055  40.817519 0.5  1 511 516
 74 -73.922505  40.829183 0.5  1 515 520
 75 -73.945636   40.66728 0.5  1 543 548
 76 -74.137434  40.625692 0.5  1 563 568
 77 -73.942966  40.820965 0.5  1 560 565
 78  -73.87344  40.774851 0.5  1 554 559
 79 -73.977041  40.764387 0.5  1 552 557
 80 -74.137434  40.625692 0.5  1 526 531
 81 -73.965635  40.768614 0.5  1 540 545
 82 -73.916166  40.830608 0.5  1 497 502
 83 -73.942966  40.820965 0.5  1 495 500
 84 -73.959634  40.766952 0.5  1 512 517
 85 -73.985684  40.749083 0.5  1 520 525
 86 -73.973031  40.791783 0.5  1 516 521
 87 -73.982816  40.588917 0.5  1 503 508
 88 -73.959634  40.766952 0.5  1 495 500
 89 -74.087322  40.620123 0.5  1 511 516
 90 -73.973031  40.791783 0.5  1 519 524
 91 -73.959634  40.766952 0.5  1 507 512
 92 -73.880543  40.894773 0.5  1 523 528
 93 -73.916383   40.85371 0.5  1 517 522
 94 -74.100696  40.628387 0.5  1 557 562
 95 -73.961707  40.688765 0.5  1 552 557
 96 -73.714486  40.743532 0.5  1 523 528
 97 -73.965635  40.768614 0.5  1 496 501
 98 -73.965635  40.768614 0.5  1 496 501
 99 -74.028521  40.623593 0.5  1 522 527
100 -73.973031  40.791783 0.5  1 589 594
101 -73.988457  40.775785 0.5  1 557 562
102 -73.808445  40.768657 0.5  1 508 513
103 -73.977041  40.764387 0.5  1 508 513
104 -73.916166  40.830608 0.5  1 551 556
105 -73.965635  40.768614 0.5  1 568 573
106 -73.945415  40.790479 0.5  1 567 572
107 -73.916383   40.85371 0.5  1 539 544
108 -73.978732  40.784025 0.5  1 532 537
109 -73.916383   40.85371 0.5  1 535 540
110 -73.959634  40.766952 0.5  1 577 582
111 -73.916383   40.85371 0.5  1 519 524
112 -73.961707  40.688765 0.5  1 532 537
113 -73.965635  40.768614 0.5  1 525 530
114 -73.949629  40.746582 0.5  1 556 561
115 -73.997183  40.728533 0.5  1 553 558
116 -74.007264  40.718576 0.5  1 572 577
117 -73.997244  40.720832 0.5  1 499 504
118 -73.972471   40.75684 0.5  1 573 578
119  -73.87344  40.774851 0.5  1 536 541
120 -73.808445  40.768657 0.5  1 505 510
121  -73.98153  40.773659 0.5  1 578 583
122 -73.965434  40.782431 0.5  1 520 525
123 -73.930125  40.688713 0.5  1 511 516
124 -73.973031  40.791783 0.5  1 518 523
125 -73.957721  40.703233 0.5  1 539 544
126 -73.916383   40.85371 0.5  1 561 566
127 -73.990457  40.740237 0.5  1 582 587
128 -73.982816  40.588917 0.5  1 545 550
129 -74.100696  40.628387 0.5  1 577 582
130 -73.942394  40.761792 0.5  1 525 530
131 -73.916383   40.85371 0.5  1 535 540
132 -73.714486  40.743532 0.5  1 506 511
133 -73.977041  40.764387 0.5  1 557 562
134 -73.965635  40.768614 0.5  1 542 547
135 -73.995258  40.678542 0.5  1 542 547
136 -73.965635  40.768614 0.5  1 572 577
137 -73.959634  40.766952 0.5  1 533 538
138 -73.959634  40.766952 0.5  1 575 580
139 -73.849851  40.832613 0.5  1 490 495
140 -73.882567   40.65882 0.5  1 497 502
141 -73.977041  40.764387 0.5  1 559 564
142 -73.973031  40.791783 0.5  1 585 590
143 -73.965434  40.782431 0.5  1 525 530
144 -73.961707  40.688765 0.5  1 524 529
145 -73.882019  40.846066 0.5  1 567 572
146 -73.965635  40.768614 0.5  1 517 522
147 -73.961707  40.688765 0.5  1 586 591
148 -73.997244  40.720832 0.5  1 506 511
149 -73.849851  40.832613 0.5  1 552 557
150 -73.880543  40.894773 0.5  1 548 553
151 -73.978732  40.784025 0.5  1 530 535
152 -73.977041  40.764387 0.5  1 540 545
153 -73.997244  40.720832 0.5  1 526 531
154 -73.957942  40.620074 0.5  1 509 514
155 -73.808445  40.768657 0.5  1 507 512
156 -73.942966  40.820965 0.5  1 503 508
157 -73.978732  40.784025 0.5  1 581 586
158 -73.957942  40.620074 0.5  1 528 533
159 -73.997244  40.720832 0.5  1 573 578
160 -73.916166  40.830608 0.5  1 582 587
161 -73.997244  40.720832 0.5  1 492 497
162 -73.965635  40.768614 0.5  1 538 543
163 -73.916383   40.85371 0.5  1 555 560
164 -73.965635  40.768614 0.5  1 504 509
165 -73.988457  40.775785 0.5  1 524 529
166 -73.973031  40.791783 0.5  1 575 580
167 -74.137434  40.625692 0.5  1 510 515
168 -74.230644  40.527316 0.5  1 513 518
169 -73.997183  40.728533 0.5  1 527 532
170 -74.008677  40.725468 0.5  1 567 572
171 -73.977041  40.764387 0.5  1 535 540
172 -73.959634  40.766952 0.5  1 519 524
173 -73.961707  40.688765 0.5  1 585 590
174 -73.997183  40.728533 0.5  1 513 518
175 -73.808445  40.768657 0.5  1 513 518
176 -73.972471   40.75684 0.5  1 505 510
177 -74.137434  40.625692 0.5  1 528 533
178  -73.98153  40.773659 0.5  1 565 570
179 -73.916166  40.830608 0.5  1 507 512
180 -73.937115   40.71445 0.5  1 528 533
181 -73.954055  40.817519 0.5  1 526 531
182 -73.880543  40.894773 0.5  1 540 545
183 -73.959634  40.766952 0.5  1 502 507
184 -73.951008  40.778766 0.5  1 546 551
185 -73.882201  40.718563 0.5  1 529 534
186 -73.922505  40.829183 0.5  1 526 531
187 -74.230644  40.527316 0.5  1 528 533
188  -73.98153  40.773659 0.5  1 537 542
189 -73.916166  40.830608 0.5  1 549 554
190 -73.714486  40.743532 0.5  1 578 583
191 -73.973031  40.791783 0.5  1 588 593
192 -73.965635  40.768614 0.5  1 570 575
193 -73.930125  40.688713 0.5  1 522 527
194 -73.916166  40.830608 0.5  1 523 528
195 -73.808445  40.768657 0.5  1 587 592
196 -73.973031  40.791783 0.5  1 518 523
197 -73.961707  40.688765 0.5  1 491 496
198 -73.827416  40.764348 0.5  1 523 528
199 -73.916383   40.85371 0.5  1 581 586
200 -73.995258  40.678542 0.5  1 540 545
201 -73.959634  40.766952 0.5  1 553 558
202 -74.007264  40.718576 0.5  1 558 563
203 -74.137434  40.625692 0.5  1 560 565
204 -73.957942  40.620074 0.5  1 518 523
205 -73.973031  40.791783 0.5  1 571 576
206 -73.770298  40.660283 0.5  1 576 581
207 -73.978732  40.784025 0.5  1 544 549
208 -73.808445  40.768657 0.5  1 498 503
209 -73.930125  40.688713 0.5  1 544 549
210 -73.990457  40.740237 0.5  1 526 531
211 -73.973031  40.791783 0.5  1 551 556
212 -73.916383   40.85371 0.5  1 553 558
213 -73.829514  40.873436 0.5  1 525 530
214 -74.230644  40.527316 0.5  1 509 514
215 -73.990457  40.740237 0.5  1 547 552
216 -73.935798  40.858637 0.5  1 556 561
217 -73.978732  40.784025 0.5  1 520 525
218 -73.990457  40.740237 0.5  1 580 585
219 -73.968127   40.67722 0.5  1 557 562
220  -73.87344  40.774851 0.5  1 522 527
221 -73.997244  40.720832 0.5  1 543 548
222  -73.96066  40.640806 0.0  0 565 580
223 -73.977648  40.747725 0.0  0 578 593
224  -73.96998  40.749124 0.0  0 579 594
225  -73.76343  40.691703 0.0  0 577 592
226 -73.942966  40.820965 0.0  0 577 592
227 -73.990664  40.719102 0.0  0 584 599
228 -73.870401   40.82829 0.0  0 594 609
229 -73.973031  40.791783 0.0  0 593 608
230 -74.009958  40.653593 0.0  0 558 573
231 -73.972471   40.75684 0.0  0 594 609
232 -73.799762  40.863932 0.0  0 566 581
233 -73.978732  40.784025 0.0  0 576 591
234 -73.755904  40.602582 0.0  0 588 603
235 -73.892665   40.66715 0.0  0 581 596
236 -73.785274  40.784888 0.0  0 570 585
237 -73.978194  40.639401 0.0  0 581 596
238 -73.743749  40.677865 0.0  0 555 570
239 -73.878111  40.738475 0.0  0 576 591
240 -73.965635  40.768614 0.0  0 558 573
241 -73.822478  40.610824 0.0  0 580 595
242  -73.87344  40.774851 0.0  0 593 608
243  -73.87344  40.774851 0.0  0 581 596
244 -73.984196  40.759817 0.5 -1 581 586
245 -73.808445  40.768657 0.5 -1 545 550
246 -73.997244  40.720832 0.5 -1 565 570
247 -73.957942  40.620074 0.5 -1 524 529
248 -73.885594  40.813915 0.5 -1 551 556
249 -73.882567   40.65882 0.5 -1 553 558
250 -73.916383   40.85371 0.5 -1 550 555
251 -73.808445  40.768657 0.5 -1 526 531
252 -73.977041  40.764387 0.5 -1 538 543
253 -74.137434  40.625692 0.5 -1 554 559
254 -73.977041  40.764387 0.5 -1 545 550
255 -73.988457  40.775785 0.5 -1 533 538
256 -73.972471   40.75684 0.5 -1 536 541
257 -73.945142  40.776681 0.5 -1 559 564
258 -74.087322  40.620123 0.5 -1 545 550
259 -73.965635  40.768614 0.5 -1 589 594
260 -74.087322  40.620123 0.5 -1 547 552
261  -73.87344  40.774851 0.5 -1 516 521
262 -73.978732  40.784025 0.5 -1 573 578
263 -73.973031  40.791783 0.5 -1 545 550
264 -74.137434  40.625692 0.5 -1 555 560
265 -73.916166  40.830608 0.5 -1 530 535
266 -74.230644  40.527316 0.5 -1 571 576
267 -73.946428  40.606329 0.5 -1 511 516
268 -73.942966  40.820965 0.5 -1 514 519
269 -73.983021    40.7153 0.5 -1 570 575
270 -73.997183  40.728533 0.5 -1 562 567
271 -73.808445  40.768657 0.5 -1 550 555
272 -73.972471   40.75684 0.5 -1 524 529
273 -73.934105    40.7544 0.5 -1 516 521
274 -73.940774  40.841194 0.5 -1 562 567
275 -73.973031  40.791783 0.5 -1 580 585
276 -73.985684  40.749083 0.5 -1 523 528
277 -73.972471   40.75684 0.5 -1 525 530
278 -73.985684  40.749083 0.5 -1 555 560
279 -73.882567   40.65882 0.5 -1 592 597
280 -73.973031  40.791783 0.5 -1 587 592
281  -73.98153  40.773659 0.5 -1 559 564
282 -74.028521  40.623593 0.5 -1 562 567
283 -74.087322  40.620123 0.5 -1 555 560
284 -73.916383   40.85371 0.5 -1 579 584
285  -73.98153  40.773659 0.5 -1 501 506
286 -73.808445  40.768657 0.5 -1 594 599
287 -73.714486  40.743532 0.5 -1 589 594
288 -73.965635  40.768614 0.5 -1 531 536
289 -73.959634  40.766952 0.5 -1 548 553
290 -73.973031  40.791783 0.5 -1 552 557
291 -73.916383   40.85371 0.5 -1 535 540
292 -73.972471   40.75684 0.5 -1 573 578
293 -73.957942  40.620074 0.5 -1 592 597
294 -73.977041  40.764387 0.5 -1 536 541
295 -73.973031  40.791783 0.5 -1 526 531
296  -73.98153  40.773659 0.5 -1 533 538
297 -73.959634  40.766952 0.5 -1 577 582
298 -73.939203  40.593772 0.5 -1 578 583
299 -73.988457  40.775785 0.5 -1 572 577
300 -73.869384   40.69578 0.5 -1 573 578
301 -74.007264  40.718576 0.5 -1 558 563
302 -73.916383   40.85371 0.5 -1 533 538
303  -73.98725  40.701703 0.5 -1 563 568
304 -73.926535  40.735242 0.5 -1 545 550
305 -73.945415  40.790479 0.5 -1 506 511
306 -73.973031  40.791783 0.5 -1 517 522
307 -74.087322  40.620123 0.5 -1 539 544
308 -73.973031  40.791783 0.5 -1 521 526
309  -73.98153  40.773659 0.5 -1 512 517
310 -73.961707  40.688765 0.5 -1 511 516
311 -73.849851  40.832613 0.5 -1 519 524
312 -73.972471   40.75684 0.5 -1 527 532
313 -73.973031  40.791783 0.5 -1 511 516
314 -73.978732  40.784025 0.5 -1 531 536
315 -73.808445  40.768657 0.5 -1 521 526
316 -73.901393  40.827988 0.5 -1 570 575
317 -73.972471   40.75684 0.5 -1 557 562
318 -74.007264  40.718576 0.5 -1 527 532
319  -73.98153  40.773659 0.5 -1 505 510
320 -73.954055  40.817519 0.5 -1 506 511
321 -73.983021    40.7153 0.5 -1 532 537
322 -73.973031  40.791783 0.5 -1 594 599
323 -73.982816  40.588917 0.5 -1 574 579
324 -73.714486  40.743532 0.5 -1 512 517
325 -74.087322  40.620123 0.5 -1 517 522
326 -73.932115  40.627947 0.5 -1 555 560
327 -73.973031  40.791783 0.5 -1 577 582
328 -73.942966  40.820965 0.5 -1 571 576
329 -73.957942  40.620074 0.5 -1 548 553
330 -73.880543  40.894773 0.5 -1 538 543
331 -73.870401   40.82829 0.5 -1 543 548
332  -73.98153  40.773659 0.5 -1 585 590
333 -73.982816  40.588917 0.5 -1 523 528
334 -73.916166  40.830608 0.5 -1 537 542
335 -73.882567   40.65882 0.5 -1 532 537
336 -73.973031  40.791783 0.5 -1 572 577
337 -73.972471   40.75684 0.5 -1 563 568
338 -73.714486  40.743532 0.5 -1 578 583
339 -73.959634  40.766952 0.5 -1 513 518
340 -73.972471   40.75684 0.5 -1 580 585
341 -73.916166  40.830608 0.5 -1 543 548
342 -73.977041  40.764387 0.5 -1 513 518
343 -73.916383   40.85371 0.5 -1 593 598
344 -73.945415  40.790479 0.5 -1 526 531
345 -73.808445  40.768657 0.5 -1 515 520
346 -73.965635  40.768614 0.5 -1 524 529
347 -73.848349  40.675062 0.5 -1 562 567
348 -73.985684  40.749083 0.5 -1 568 573
349 -73.916383   40.85371 0.5 -1 592 597
350 -73.916166  40.830608 0.5 -1 561 566
351 -73.945415  40.790479 0.5 -1 591 596
352 -73.807713  40.753778 0.5 -1 560 565
353 -73.997183  40.728533 0.5 -1 539 544
354 -73.982816  40.588917 0.5 -1 516 521
355 -73.959634  40.766952 0.5 -1 569 574
356 -73.973031  40.791783 0.5 -1 547 552
357 -73.892665   40.66715 0.5 -1 552 557
358 -73.984196  40.759817 0.5 -1 584 589
359 -73.965635  40.768614 0.5 -1 542 547
360 -73.973031  40.791783 0.5 -1 584 589
361 -73.922505  40.829183 0.5 -1 496 501
362 -73.959634  40.766952 0.5 -1 514 519
363 -73.973031  40.791783 0.5 -1 561 566
364 -73.977041  40.764387 0.5 -1 589 594
365 -73.901393  40.827988 0.5 -1 537 542
366  -73.91396  40.818335 0.5 -1 537 542
367 -73.920233  40.652655 0.5 -1 579 584
368 -73.849851  40.832613 0.5 -1 541 546
369 -73.972471   40.75684 0.5 -1 593 598
370 -73.978732  40.784025 0.5 -1 517 522
371 -73.916166  40.830608 0.5 -1 557 562
372 -73.978732  40.784025 0.5 -1 550 555
373 -73.977041  40.764387 0.5 -1 545 550
374 -73.965635  40.768614 0.5 -1 549 554
375 -73.959634  40.766952 0.5 -1 543 548
376 -73.972471   40.75684 0.5 -1 514 519
377 -73.849851  40.832613 0.5 -1 519 524
378 -74.230644  40.527316 0.5 -1 509 514
379 -73.973031  40.791783 0.5 -1 593 598
380 -73.965635  40.768614 0.5 -1 546 551
381 -73.916383   40.85371 0.5 -1 587 592
382 -73.972471   40.75684 0.5 -1 590 595
383 -73.983021    40.7153 0.5 -1 507 512
384 -73.972471   40.75684 0.5 -1 547 552
385 -73.972471   40.75684 0.5 -1 564 569
386  -73.87344  40.774851 0.5 -1 519 524
387 -73.932115  40.627947 0.5 -1 534 539
388 -73.972471   40.75684 0.5 -1 580 585
389  -73.87344  40.774851 0.5 -1 518 523
390 -73.977041  40.764387 0.5 -1 526 531
391 -73.849851  40.832613 0.5 -1 534 539
392 -73.869384   40.69578 0.5 -1 587 592
393 -73.957942  40.620074 0.5 -1 539 544
394 -73.957942  40.620074 0.5 -1 535 540
395 -73.961707  40.688765 0.5 -1 589 594
396  -73.87344  40.774851 0.5 -1 528 533
397  -73.87344  40.774851 0.5 -1 522 527
398 -73.965635  40.768614 0.5 -1 521 526
399 -73.916383   40.85371 0.5 -1 532 537
400 -73.951008  40.778766 0.5 -1 573 578
401 -73.954055  40.817519 0.5 -1 519 524
402 -73.977041  40.764387 0.5 -1 539 544
403 -74.028521  40.623593 0.5 -1 544 549
404 -73.959634  40.766952 0.5 -1 550 555
405 -73.965635  40.768614 0.5 -1 514 519
406 -73.965635  40.768614 0.5 -1 552 557
407  -73.75395  40.743304 0.5 -1 553 558
408 -73.983021    40.7153 0.5 -1 540 545
409 -73.985684  40.749083 0.5 -1 534 539
410 -73.982816  40.588917 0.5 -1 550 555
411 -73.988457  40.775785 0.5 -1 561 566
412 -73.990457  40.740237 0.5 -1 588 593
413 -73.965635  40.768614 0.5 -1 591 596
414 -73.959634  40.766952 0.5 -1 579 584
415 -74.011011  40.703279 0.5 -1 534 539
416 -73.945142  40.776681 0.5 -1 544 549
417 -73.916166  40.830608 0.5 -1 594 599
418 -73.973031  40.791783 0.5 -1 525 530
419  -73.98153  40.773659 0.5 -1 501 506
420 -73.970355  40.617636 0.5 -1 541 546
421 -73.808445  40.768657 0.5 -1 587 592
422 -73.995258  40.678542 0.5 -1 545 550
423  -73.98153  40.773659 0.5 -1 557 562
424 -73.934105    40.7544 0.5 -1 576 581
425 -73.985684  40.749083 0.5 -1 568 573
426 -73.916383   40.85371 0.5 -1 520 525
427  -73.98153  40.773659 0.5 -1 577 582
428 -73.772985  40.720452 0.5 -1 590 595
429 -73.972471   40.75684 0.5 -1 557 562
430  -73.91396  40.818335 0.5 -1 511 516
431 -73.984196  40.759817 0.5 -1 550 555
432 -73.972471   40.75684 0.5 -1 532 537
433 -73.972471   40.75684 0.5 -1 556 561
434 -74.007264  40.718576 0.5 -1 560 565
435 -73.916166  40.830608 0.5 -1 534 539
436 -73.945415  40.790479 0.5 -1 524 529
437 -73.957942  40.620074 0.5 -1 556 561
438  -73.91467  40.807098 0.5 -1 572 577
439 -73.954055  40.817519 0.5 -1 524 529
440 -74.087322  40.620123 0.5 -1 589 594
441 -73.968127   40.67722 0.5 -1 560 565
442 -74.137434  40.625692 0.5 -1 532 537
443  -73.98153  40.773659 0.5 -1 553 558