11  200  90  3  30
  0 -73.882567   40.65882 0.0  0 490 610
  1 -74.160442   40.60745 0.0  0 490 610
  2 -73.996022  40.696257 0.0  0 490 610
  3 -73.916383   40.85371 0.0  0 490 610
  4 -73.978194  40.639401 0.0  0 490 610
  5 -73.978194  40.639401 0.0  0 490 610
  6 -73.916166  40.830608 0.0  0 490 610
  7 -73.978194  40.639401 0.0  0 490 610
  8 -73.995258  40.678542 0.0  0 490 610
  9 -73.968127   40.67722 0.0  0 490 610
 10 -74.011011  40.703279 0.0  0 490 610
 11  -73.98153  40.773659 0.5  1 545 555
 12 -73.808445  40.768657 0.5  1 507 517
 13 -73.951008  40.778766 0.5  1 490 500
 14 -73.961707  40.688765 0.5  1 552 562
 15 -73.965635  40.768614 0.5  1 520 530
 16 -73.930125  40.688713 0.5  1 519 529
 17 -74.230644  40.527316 0.5  1 579 589
 18 -73.996506  40.686459 0.5  1 533 543
 19 -73.972471   40.75684 0.5  1 569 579
 20 -73.905394  40.865365 0.5  1 502 512
 21  -73.87344  40.774851 0.5  1 513 523
 22 -73.916166  40.830608 0.5  1 533 543
 23 -73.743749  40.677865 0.5  1 509 519
 24 -73.983021    40.7153 0.5  1 563 573
 25 -73.978732  40.784025 0.5  1 497 507
 26 -73.983021    40.7153 0.5  1 524 534
 27 -73.880543  40.894773 0.5  1 566 576
 28 -73.959634  40.766952 0.5  1 495 505
 29 -73.984196  40.759817 0.5  1 495 505
 30 -73.924927  40.791459 0.5  1 554 564
 31 -73.849851  40.832613 0.5  1 495 505
 32 -73.829514  40.873436 0.5  1 573 583
 33 -73.965635  40.768614 0.5  1 493 503
 34 -73.978732  40.784025 0.5  1 541 551
 35 -73.916166  40.830608 0.5  1 561 571
 36 -73.942966  40.820965 0.5  1 498 508
 37 -73.951008  40.778766 0.5  1 572 582
 38 -73.965635  40.768614 0.5  1 526 536
 39 -73.916383   40.85371 0.5  1 582 592
 40 -73.916383   40.85371 0.5  1 494 504
 41  -73.98153  40.773659 0.5  1 537 547
 42 -73.982816  40.588917 0.5  1 555 565
 43 -73.714486  40.743532 0.5  1 505 515
 44 -73.978732  40.784025 0.5  1 516 526
 45 -74.137434  40.625692 0.5  1 527 537
 46 -73.959634  40.766952 0.5  1 524 534
 47 -73.959634  40.766952 0.5  1 521 531
 48 -73.743749  40.677865 0.5  1 560 570
 49 -73.965635  40.768614 0.5  1 559 569
 50 -73.932115  40.627947 0.5  1 553 563
 51 -73.880543  40.894773 0.5  1 517 527
 52 -73.957942  40.620074 0.5  1 575 585
 53 -73.808445  40.768657 0.5  1 522 532
 54 -73.937115   40.71445 0.5  1 509 519
 55 -74.100696  40.628387 0.5  1 554 564
 56 -73.882567   40.65882 0.5  1 556 566
 57 -74.137434  40.625692 0.5  1 557 567
 58 -73.911226  40.875598 0.5  1 545 555
 59 -73.937115   40.71445 0.5  1 533 543
 60 -73.977041  40.764387 0.5  1 563 573
 61 -73.916166  40.830608 0.5  1 529 539
 62  -73.96066  40.640806 0.5  1 492 502
 63 -73.985684  40.749083 0.5  1 558 568
 64 -73.973031  40.791783 0.5  1 567 577
 65 -74.230644  40.527316 0.5  1 543 553
 66 -73.972471   40.75684 0.5  1 528 538
 67 -73.965635  40.768614 0.5  1 523 533
 68 -73.882567   40.65882 0.5  1 491 501
 69 -73.965434  40.782431 0.5  1 516 526
 70 -73.961707  40.688765 0.5  1 525 535
 71 -73.916383   40.85371 0.5  1 585 595
 72 -73.937115   40.71445 0.5  1 502 512
 73 -73.714486  40.743532 0.5  1 495 505
 74  -73.98153  40.773659 0.5  1 508 518
 75 -73.988457  40.775785 0.5  1 492 502
 76 -73.849851  40.832613 0.5  1 551 561
 77 -74.007264  40.718576 0.5  1 578 588
 78 -73.808445  40.768657 0.5  1 509 519
 79 -73.997244  40.720832 0.5  1 520 530
 80 -73.959634  40.766952 0.5  1 523 533
 81 -73.951008  40.778766 0.5  1 506 516
 82 -73.984196  40.759817 0.5  1 511 521
 83 -73.965434  40.782431 0.5  1 493 503
 84 -73.951008  40.778766 0.5  1 575 585
 85 -73.880543  40.894773 0.5  1 553 563
 86 -73.978732  40.784025 0.5  1 572 582
 87 -73.880543  40.894773 0.5  1 501 511
 88 -73.988457  40.775785 0.5  1 502 512
 89 -74.007264  40.718576 0.5  1 528 538
 90 -74.137434  40.625692 0.5  1 547 557
 91 -73.880543  40.894773 0.5  1 507 517
 92 -73.916383   40.85371 0.5  1 558 568
 93 -73.977041  40.764387 0.5  1 552 562
 94 -73.978732  40.784025 0.5  1 527 537
 95 -73.849851  40.832613 0.5  1 579 589
 96 -73.977041  40.764387 0.5  1 556 566
 97 -74.004129  40.708475 0.5  1 564 574
 98 -73.984196  40.759817 0.5  1 501 511
 99 -73.829514  40.873436 0.5  1 544 554
100  -73.87344  40.774851 0.5  1 534 544
101 -73.849851  40.832613 0.5  1 521 531
102 -73.930125  40.688713 0.5  1 517 527
103 -73.954055  40.817519 0.5  1 532 542
104 -73.957721  40.703233 0.5  1 492 502
105 -74.137434  40.625692 0.5  1 557 567
106 -73.973031  40.791783 0.5  1 502 512
107 -73.880543  40.894773 0.5  1 574 584
108 -73.880543  40.894773 0.5  1 543 553
109 -73.808445  40.768657 0.5  1 515 525
110 -73.961707  40.688765 0.5  1 514 524
111 -73.785274  40.784888 0.0  0 556 571
112 -73.973031  40.791783 0.0  0 571 586
113 -73.961707  40.688765 0.0  0 567 582
114 -73.822478  40.610824 0.0  0 578 593
115 -73.972471   40.75684 0.0  0 574 589
116 -73.978732  40.784025 0.0  0 593 608
117 -73.978194  40.639401 0.0  0 562 577
118 -73.870401   40.82829 0.0  0 553 568
119  -73.87344  40.774851 0.0  0 580 595
120 -73.942966  40.820965 0.0  0 584 599
121 -73.743749  40.677865 0.0  0 552 567
122 -73.965635  40.768614 0.5 -1 550 560
123  -73.77942  40.847487 0.5 -1 524 534
124 -73.776604  40.734061 0.5 -1 509 519
125 -73.972471   40.75684 0.5 -1 565 575
126 -73.977041  40.764387 0.5 -1 528 538
127 -73.983021    40.7153 0.5 -1 531 541
128 -73.973031  40.791783 0.5 -1 585 595
129 -73.978732  40.784025 0.5 -1 567 577
130 -73.714486  40.743532 0.5 -1 575 585
131 -74.188371  40.579422 0.5 -1 512 522
132 -73.808445  40.768657 0.5 -1 516 526
133 -73.916166  40.830608 0.5 -1 537 547
134 -73.942966  40.820965 0.5 -1 536 546
135 -73.982816  40.588917 0.5 -1 574 584
136  -73.98153  40.773659 0.5 -1 509 519
137 -74.007264  40.718576 0.5 -1 540 550
138 -73.984196  40.759817 0.5 -1 578 588
139 -74.011011  40.703279 0.5 -1 511 521
140  -73.98153  40.773659 0.5 -1 500 510
141 -73.924927  40.791459 0.5 -1 557 567
142 -74.028521  40.623593 0.5 -1 506 516
143 -73.880543  40.894773 0.5 -1 584 594
144 -73.983021    40.7153 0.5 -1 518 528
145 -73.972471   40.75684 0.5 -1 554 564
146 -73.916383   40.85371 0.5 -1 566 576
147 -73.954055  40.817519 0.5 -1 504 514
148  -73.98153  40.773659 0.5 -1 577 587
149 -73.808445  40.768657 0.5 -1 538 548
150 -73.849851  40.832613 0.5 -1 588 598
151 -73.959634  40.766952 0.5 -1 513 523
152 -73.965635  40.768614 0.5 -1 541 551
153 -73.849851  40.832613 0.5 -1 564 574
154 -73.949629  40.746582 0.5 -1 517 527
155 -73.965635  40.768614 0.5 -1 524 534
156 -73.916383   40.85371 0.5 -1 538 548
157 -73.972471   40.75684 0.5 -1 533 543
158  -73.98153  40.773659 0.5 -1 535 545
159 -73.973031  40.791783 0.5 -1 583 593
160 -73.951008  40.778766 0.5 -1 565 575
161 -73.849851  40.832613 0.5 -1 560 570
162 -74.230644  40.527316 0.5 -1 524 534
163 -73.972471   40.75684 0.5 -1 580 590
164 -73.972471   40.75684 0.5 -1 527 537
165  -73.96998  40.749124 0.5 -1 517 527
166 -73.901393  40.827988 0.5 -1 567 577
167 -73.965635  40.768614 0.5 -1 562 572
168 -73.985684  40.749083 0.5 -1 565 575
169 -73.942966  40.820965 0.5 -1 553 563
170 -73.972471   40.75684 0.5 -1 545 555
171 -73.978732  40.784025 0.5 -1 586 596
172 -73.829514  40.873436 0.5 -1 536 546
173 -73.983021    40.7153 0.5 -1 502 512
174 -74.137434  40.625692 0.5 -1 563 573
175 -73.977041  40.764387 0.5 -1 575 585
176 -73.986472  40.685719 0.5 -1 552 562
177 -74.137434  40.625692 0.5 -1 537 547
178 -73.880543  40.894773 0.5 -1 530 540
179 -73.965434  40.782431 0.5 -1 501 511
180 -73.942966  40.820965 0.5 -1 520 530
181 -73.961707  40.688765 0.5 -1 527 537
182 -73.957942  40.620074 0.5 -1 589 599
183 -73.808445  40.768657 0.5 -1 511 521
184 -73.997244  40.720832 0.5 -1 502 512
185 -73.714486  40.743532 0.5 -1 521 531
186 -74.100696  40.628387 0.5 -1 510 520
187 -73.870401   40.82829 0.5 -1 558 568
188 -73.972471   40.75684 0.5 -1 583 593
189 -73.916383   40.85371 0.5 -1 517 527
190 -74.100696  40.628387 0.5 -1 537 547
191  -73.77942  40.847487 0.5 -1 542 552
192 -73.792412  40.703279 0.5 -1 525 535
193 -73.965635  40.768614 0.5 -1 524 534
194 -73.882201  40.718563 0.5 -1 505 515
195  -73.87344  40.774851 0.5 -1 589 599
196 -73.959634  40.766952 0.5 -1 572 582
197 -73.942966  40.820965 0.5 -1 579 589
198 -73.965434  40.782431 0.5 -1 518 528
199 -73.882567   40.65882 0.5 -1 518 528
200 -73.959634  40.766952 0.5 -1 537 547
201 -74.230644  40.527316 0.5 -1 567 577
202 -73.965635  40.768614 0.5 -1 512 522
203 -73.965635  40.768614 0.5 -1 579 589
204 -73.808445  40.768657 0.5 -1 555 565
205 -73.916166  40.830608 0.5 -1 539 549
206 -73.849851  40.832613 0.5 -1 583 593
207 -73.808445  40.768657 0.5 -1 561 571
208 -73.878111  40.738475 0.5 -1 576 586
209 -73.916383   40.85371 0.5 -1 509 519
210 -73.990664  40.719102 0.5 -1 579 589
211 -73.961707  40.688765 0.5 -1 549 559
212 -73.808445  40.768657 0.5 -1 530 540
213 -73.984196  40.759817 0.5 -1 525 535
214 -73.984196  40.759817 0.5 -1 554 564
215 -73.807713  40.753778 0.5 -1 513 523
216 -73.983021    40.7153 0.5 -1 567 577
217 -73.808445  40.768657 0.5 -1 509 519
218 -73.901393  40.827988 0.5 -1 590 600
219 -73.978732  40.784025 0.5 -1 548 558
220 -73.982816  40.588917 0.5 -1 529 539
221 -73.961707  40.688765 0.5 -1 517 527