23  400  90  3  30
  0 -73.931208  40.845989 0.0  0 490 610
  1 -73.961707  40.688765 0.0  0 490 610
  2 -73.965434  40.782431 0.0  0 490 610
  3 -73.978194  40.639401 0.0  0 490 610
  4 -73.995258  40.678542 0.0  0 490 610
  5 -74.072566  40.599043 0.0  0 490 610
  6 -73.882567   40.65882 0.0  0 490 610
  7 -73.772985  40.720452 0.0  0 490 610
  8 -73.995258  40.678542 0.0  0 490 610
  9 -73.996506  40.686459 0.0  0 490 610
 10 -73.939203  40.593772 0.0  0 490 610
 11 -73.978194  40.639401 0.0  0 490 610
 12 -73.996022  40.696257 0.0  0 490 610
 13 -73.841037   40.57742 0.0  0 490 610
 14 -73.916383   40.85371 0.0  0 490 610
 15 -73.807713  40.753778 0.0  0 490 610
 16  -73.82063   40.67721 0.0  0 490 610
 17 -74.160442   40.60745 0.0  0 490 610
 18 -73.978194  40.639401 0.0  0 490 610
 19 -73.965635  40.768614 0.0  0 490 610
 20 -73.978194  40.639401 0.0  0 490 610
 21 -74.137434  40.625692 0.0  0 490 610
 22 -74.007239  40.706659 0.0  0 490 610
 23 -73.916166  40.830608 0.5  1 530 535
 24 -73.932115  40.627947 0.5  1 529 534
 25 -73.978732  40.784025 0.5  1 517 522
 26 -73.808445  40.768657 0.5  1 496 501
 27  -73.98153  40.773659 0.5  1 519 524
 28 -73.978732  40.784025 0.5  1 552 557
 29 -73.965635  40.768614 0.5  1 573 578
 30 -73.997183  40.728533 0.5  1 577 582
 31 -73.951008  40.778766 0.5  1 494 499
 32 -73.977041  40.764387 0.5  1 551 556
 33 -74.230644  40.527316 0.5  1 535 540
 34 -73.961707  40.688765 0.5  1 583 588
 35 -74.137434  40.625692 0.5  1 533 538
 36 -73.976981   40.73171 0.5  1 556 561
 37 -73.926535  40.735242 0.5  1 518 523
 38 -73.973031  40.791783 0.5  1 511 516
 39 -73.978732  40.784025 0.5  1 574 579
 40 -73.911226  40.875598 0.5  1 521 526
 41 -73.930125  40.688713 0.5  1 561 566
 42 -73.932115  40.627947 0.5  1 505 510
 43 -73.977041  40.764387 0.5  1 509 514
 44 -73.984196  40.759817 0.5  1 509 514
 45 -73.973031  40.791783 0.5  1 561 566
 46 -73.849851  40.832613 0.5  1 569 574
 47 -73.977041  40.764387 0.5  1 552 557
 48 -73.880543  40.894773 0.5  1 500 505
 49 -73.808445  40.768657 0.5  1 497 502
 50 -73.917576  40.698971 0.5  1 527 532
 51 -73.922505  40.829183 0.5  1 549 554
 52 -73.959634  40.766952 0.5  1 504 509
 53 -74.100696  40.628387 0.5  1 573 578
 54 -73.945415  40.790479 0.5  1 535 540
 55 -73.829514  40.873436 0.5  1 500 505
 56 -73.990457  40.740237 0.5  1 520 525
 57 -73.990457  40.740237 0.5  1 542 547
 58 -73.997244  40.720832 0.5  1 574 579
 59  -73.98153  40.773659 0.5  1 502 507
 60 -73.926535  40.735242 0.5  1 586 591
 61 -73.916383   40.85371 0.5  1 521 526
 62 -73.977041  40.764387 0.5  1 577 582
 63 -73.990457  40.740237 0.5  1 574 579
 64 -73.965635  40.768614 0.5  1 524 529
 65 -74.137434  40.625692 0.5  1 494 499
 66 -73.978732  40.784025 0.5  1 492 497
 67 -73.984196  40.759817 0.5  1 571 576
 68 -73.972471   40.75684 0.5  1 580 585
 69 -74.007264  40.718576 0.5  1 499 504
 70 -73.932115  40.627947 0.5  1 494 499
 71 -73.965635  40.768614 0.5  1 525 530
 72 -74.150767  40.549092 0.5  1 563 568
 73 -73.951008  40.778766 0.5  1 555 560
 74 -73.973031  40.791783 0.5  1 584 589
 75  -73.98153  40.773659 0.5  1 548 553
 76 -73.978732  40.784025 0.5  1 549 554
 77 -73.880543  40.894773 0.5  1 522 527
 78 -73.990457  40.740237 0.5  1 580 585
 79 -73.997183  40.728533 0.5  1 509 514
 80  -73.87344  40.774851 0.5  1 556 561
 81 -73.714486  40.743532 0.5  1 574 579
 82 -73.982816  40.588917 0.5  1 500 505
 83  -73.98153  40.773659 0.5  1 511 516
 84 -74.230644  40.527316 0.5  1 545 550
 85 -73.982816  40.588917 0.5  1 561 566
 86 -73.880543  40.894773 0.5  1 564 569
 87 -73.932115  40.627947 0.5  1 572 577
 88 -73.901393  40.827988 0.5  1 510 515
 89 -73.790208  40.596094 0.5  1 555 560
 90 -73.945636   40.66728 0.5  1 549 554
 91 -74.007264  40.718576 0.5  1 559 564
 92 -73.973031  40.791783 0.5  1 541 546
 93 -73.880543  40.894773 0.5  1 538 543
 94 -74.007264  40.718576 0.5  1 537 542
 95  -73.98153  40.773659 0.5  1 564 569
 96 -74.230644  40.527316 0.5  1 563 568
 97 -74.230644  40.527316 0.5  1 504 509
 98 -73.972471   40.75684 0.5  1 585 590
 99 -73.983021    40.7153 0.5  1 510 515
100 -73.808445  40.768657 0.5  1 530 535
101 -73.954055  40.817519 0.5  1 550 555
102 -73.973031  40.791783 0.5  1 593 598
103 -73.977041  40.764387 0.5  1 516 521
104 -73.978732  40.784025 0.5  1 498 503
105 -73.916166  40.830608 0.5  1 517 522
106 -73.951008  40.778766 0.5  1 575 580
107 -74.137434  40.625692 0.5  1 504 509
108 -73.965635  40.768614 0.5  1 570 575
109 -73.951008  40.778766 0.5  1 523 528
110 -73.951008  40.778766 0.5  1 544 549
111 -73.959634  40.766952 0.5  1 527 532
112  -73.98153  40.773659 0.5  1 518 523
113 -74.230644  40.527316 0.5  1 548 553
114 -73.849851  40.832613 0.5  1 498 503
115 -73.937115   40.71445 0.5  1 535 540
116 -73.951008  40.778766 0.5  1 568 573
117 -73.988457  40.775785 0.5  1 588 593
118 -74.230644  40.527316 0.5  1 516 521
119 -73.911226  40.875598 0.5  1 495 500
120 -73.973031  40.791783 0.5  1 549 554
121 -73.990457  40.740237 0.5  1 528 533
122 -73.965635  40.768614 0.5  1 561 566
123 -73.961707  40.688765 0.5  1 526 531
124 -73.997244  40.720832 0.5  1 572 577
125 -73.965635  40.768614 0.5  1 512 517
126 -73.965635  40.768614 0.5  1 499 504
127 -73.965635  40.768614 0.5  1 517 522
128 -73.939203  40.593772 0.5  1 532 537
129 -73.977041  40.764387 0.5  1 537 542
130 -73.973031  40.791783 0.5  1 524 529
131 -73.990457  40.740237 0.5  1 581 586
132 -73.882567   40.65882 0.5  1 559 564
133 -73.982816  40.588917 0.5  1 494 499
134 -73.985684  40.749083 0.5  1 570 575
135 -73.997183  40.728533 0.5  1 562 567
136 -74.007264  40.718576 0.5  1 492 497
137 -73.916166  40.830608 0.5  1 497 502
138 -74.137434  40.625692 0.5  1 552 557
139 -73.916166  40.830608 0.5  1 544 549
140 -73.946428  40.606329 0.5  1 520 525
141 -73.961707  40.688765 0.5  1 575 580
142 -73.849851  40.832613 0.5  1 524 529
143 -73.978732  40.784025 0.5  1 569 574
144 -73.965635  40.768614 0.5  1 568 573
145 -73.965434  40.782431 0.5  1 506 511
146 -73.982816  40.588917 0.5  1 532 537
147 -73.951008  40.778766 0.5  1 534 539
148 -73.885594  40.813915 0.5  1 544 549
149 -73.984196  40.759817 0.5  1 581 586
150 -73.808445  40.768657 0.5  1 587 592
151 -73.978194  40.639401 0.5  1 575 580
152 -73.945415  40.790479 0.5  1 530 535
153 -73.882555  40.684691 0.5  1 559 564
154 -73.997244  40.720832 0.5  1 496 501
155 -73.901393  40.827988 0.5  1 576 581
156 -73.951008  40.778766 0.5  1 502 507
157 -73.829514  40.873436 0.5  1 548 553
158 -73.961707  40.688765 0.5  1 513 518
159  -73.87344  40.774851 0.5  1 499 504
160 -73.945415  40.790479 0.5  1 566 571
161 -73.984196  40.759817 0.5  1 498 503
162 -73.988457  40.775785 0.5  1 552 557
163 -73.808445  40.768657 0.5  1 540 545
164 -73.984196  40.759817 0.5  1 521 526
165 -73.997244  40.720832 0.5  1 540 545
166 -73.951008  40.778766 0.5  1 559 564
167 -74.012392  40.618415 0.5  1 514 519
168 -73.910759  40.881842 0.5  1 507 512
169 -73.959634  40.766952 0.5  1 525 530
170 -73.961707  40.688765 0.5  1 566 571
171 -73.808445  40.768657 0.5  1 515 520
172 -73.988457  40.775785 0.5  1 544 549
173 -73.972471   40.75684 0.5  1 567 572
174 -73.973031  40.791783 0.5  1 554 559
175 -73.978732  40.784025 0.5  1 537 542
176 -73.916383   40.85371 0.5  1 536 541
177 -73.937115   40.71445 0.5  1 553 558
178 -73.997183  40.728533 0.5  1 531 536
179 -73.942966  40.820965 0.5  1 506 511
180 -73.973031  40.791783 0.5  1 543 548
181  -73.87344  40.774851 0.5  1 498 503
182  -73.91396  40.818335 0.5  1 559 564
183 -73.951008  40.778766 0.5  1 508 513
184 -73.714486  40.743532 0.5  1 555 560
185 -73.951008  40.778766 0.5  1 563 568
186  -73.98153  40.773659 0.5  1 507 512
187 -73.808445  40.768657 0.5  1 518 523
188 -73.959634  40.766952 0.5  1 569 574
189 -73.973031  40.791783 0.5  1 520 525
190 -73.997244  40.720832 0.5  1 531 536
191 -73.965635  40.768614 0.5  1 504 509
192 -73.829514  40.873436 0.5  1 517 522
193 -74.001082  40.723716 0.5  1 511 516
194  -73.99591  40.766568 0.5  1 498 503
195 -73.808445  40.768657 0.5  1 518 523
196 -73.961707  40.688765 0.5  1 569 574
197 -73.932115  40.627947 0.5  1 568 573
198 -73.978732  40.784025 0.5  1 533 538
199 -73.714486  40.743532 0.5  1 492 497
200 -73.942394  40.761792 0.5  1 525 530
201 -73.978732  40.784025 0.5  1 514 519
202 -73.829514  40.873436 0.5  1 582 587
203 -74.230644  40.527316 0.5  1 545 550
204 -73.736764  40.693361 0.5  1 544 549
205 -73.916383   40.85371 0.5  1 588 593
206 -73.961707  40.688765 0.5  1 565 570
207 -73.984196  40.759817 0.5  1 586 591
208 -73.973031  40.791783 0.5  1 554 559
209 -73.808445  40.768657 0.5  1 526 531
210 -73.937115   40.71445 0.5  1 538 543
211  -73.99591  40.766568 0.5  1 548 553
212 -73.808445  40.768657 0.5  1 516 521
213 -73.957942  40.620074 0.5  1 532 537
214 -73.977041  40.764387 0.5  1 559 564
215  -73.98153  40.773659 0.5  1 536 541
216 -73.937115   40.71445 0.5  1 515 520
217  -73.99591  40.766568 0.5  1 547 552
218 -73.973031  40.791783 0.5  1 552 557
219 -73.997244  40.720832 0.5  1 560 565
220 -73.916166  40.830608 0.5  1 496 501
221 -73.988457  40.775785 0.5  1 554 559
222  -73.98153  40.773659 0.5  1 520 525
223 -73.970355  40.617636 0.0  0 589 604
224  -73.76343  40.691703 0.0  0 588 603
225 -74.009958  40.653593 0.0  0 574 589
226 -73.870401   40.82829 0.0  0 551 566
227  -73.87344  40.774851 0.0  0 579 594
228 -74.011011  40.703279 0.0  0 556 571
229 -73.978194  40.639401 0.0  0 584 599
230 -73.878111  40.738475 0.0  0 571 586
231  -73.87344  40.774851 0.0  0 562 577
232 -73.770298  40.660283 0.0  0 562 577
233 -73.799762  40.863932 0.0  0 568 583
234 -73.870401   40.82829 0.0  0 558 573
235 -73.961707  40.688765 0.0  0 551 566
236 -73.996971  40.742283 0.0  0 587 602
237 -73.822478  40.610824 0.0  0 563 578
238 -73.990664  40.719102 0.0  0 579 594
239 -73.985684  40.749083 0.0  0 588 603
240 -73.973031  40.791783 0.0  0 586 601
241 -73.949629  40.746582 0.0  0 581 596
242 -73.876275  40.702665 0.0  0 593 608
243 -73.978732  40.784025 0.0  0 592 607
244 -73.934105    40.7544 0.0  0 556 571
245 -73.996971  40.742283 0.0  0 565 580
246 -73.932115  40.627947 0.5 -1 533 538
247 -73.982816  40.588917 0.5 -1 537 542
248 -73.965635  40.768614 0.5 -1 526 531
249 -73.808445  40.768657 0.5 -1 501 506
250 -73.965635  40.768614 0.5 -1 524 529
251 -73.972471   40.75684 0.5 -1 568 573
252 -73.985684  40.749083 0.5 -1 582 587
253 -73.983021    40.7153 0.5 -1 583 588
254 -73.906253  40.849226 0.5 -1 505 510
255 -73.973031  40.791783 0.5 -1 554 559
256 -73.973031  40.791783 0.5 -1 544 549
257 -73.972471   40.75684 0.5 -1 589 594
258 -73.973031  40.791783 0.5 -1 544 549
259 -73.959634  40.766952 0.5 -1 583 588
260 -73.882019  40.846066 0.5 -1 543 548
261 -73.959634  40.766952 0.5 -1 516 521
262 -73.880543  40.894773 0.5 -1 579 584
263 -73.988457  40.775785 0.5 -1 534 539
264 -73.973031  40.791783 0.5 -1 578 583
265 -73.932115  40.627947 0.5 -1 507 512
266 -73.714486  40.743532 0.5 -1 513 518
267 -73.984196  40.759817 0.5 -1 526 531
268 -73.965635  40.768614 0.5 -1 567 572
269 -73.949629  40.746582 0.5 -1 577 582
270 -74.007264  40.718576 0.5 -1 558 563
271 -73.978732  40.784025 0.5 -1 504 509
272 -73.990457  40.740237 0.5 -1 501 506
273 -73.945177  40.580463 0.5 -1 553 558
274 -73.901393  40.827988 0.5 -1 561 566
275  -73.98153  40.773659 0.5 -1 515 520
276 -73.965434  40.782431 0.5 -1 593 598
277  -73.87344  40.774851 0.5 -1 549 554
278  -73.91396  40.818335 0.5 -1 513 518
279 -73.986472  40.685719 0.5 -1 548 553
280 -73.977041  40.764387 0.5 -1 545 550
281 -73.972471   40.75684 0.5 -1 585 590
282 -73.951008  40.778766 0.5 -1 506 511
283 -73.945636   40.66728 0.5 -1 595 600
284  -73.98153  40.773659 0.5 -1 538 543
285 -73.946428  40.606329 0.5 -1 592 597
286  -73.96066  40.640806 0.5 -1 585 590
287 -73.973031  40.791783 0.5 -1 531 536
288 -73.942966  40.820965 0.5 -1 517 522
289 -73.957942  40.620074 0.5 -1 506 511
290 -73.997183  40.728533 0.5 -1 583 588
291  -73.96066  40.640806 0.5 -1 595 600
292 -73.922505  40.829183 0.5 -1 502 507
293 -73.714486  40.743532 0.5 -1 501 506
294 -73.977041  40.764387 0.5 -1 534 539
295 -73.996971  40.742283 0.5 -1 582 587
296 -73.984196  40.759817 0.5 -1 562 567
297 -73.959634  40.766952 0.5 -1 588 593
298 -73.965635  40.768614 0.5 -1 553 558
299 -73.986472  40.685719 0.5 -1 556 561
300 -73.985684  40.749083 0.5 -1 535 540
301 -73.808445  40.768657 0.5 -1 583 588
302 -73.916383   40.85371 0.5 -1 513 518
303 -73.977041  40.764387 0.5 -1 560 565
304 -73.849851  40.832613 0.5 -1 580 585
305 -73.937115   40.71445 0.5 -1 506 511
306 -73.882567   40.65882 0.5 -1 526 531
307 -73.880543  40.894773 0.5 -1 552 557
308 -73.985684  40.749083 0.5 -1 578 583
309 -73.959634  40.766952 0.5 -1 578 583
310 -73.972471   40.75684 0.5 -1 581 586
311 -73.985684  40.749083 0.5 -1 522 527
312 -73.880543  40.894773 0.5 -1 564 569
313 -73.785274  40.784888 0.5 -1 581 586
314 -73.945142  40.776681 0.5 -1 584 589
315 -73.972471   40.75684 0.5 -1 547 552
316 -73.973031  40.791783 0.5 -1 548 553
317 -73.916166  40.830608 0.5 -1 542 547
318 -73.934105    40.7544 0.5 -1 583 588
319 -73.882567   40.65882 0.5 -1 572 577
320 -73.997244  40.720832 0.5 -1 514 519
321  -73.87344  40.774851 0.5 -1 595 600
322 -73.965635  40.768614 0.5 -1 538 543
323 -73.916383   40.85371 0.5 -1 534 539
324 -73.808445  40.768657 0.5 -1 574 579
325  -73.98153  40.773659 0.5 -1 595 600
326 -73.983021    40.7153 0.5 -1 532 537
327 -74.007264  40.718576 0.5 -1 510 515
328 -73.922505  40.829183 0.5 -1 523 528
329 -73.977041  40.764387 0.5 -1 582 587
330 -73.949629  40.746582 0.5 -1 515 520
331 -73.945415  40.790479 0.5 -1 579 584
332 -73.972471   40.75684 0.5 -1 533 538
333  -73.98153  40.773659 0.5 -1 553 558
334 -73.990457  40.740237 0.5 -1 535 540
335 -73.990457  40.740237 0.5 -1 529 534
336 -73.916383   40.85371 0.5 -1 564 569
337 -74.028521  40.623593 0.5 -1 509 514
338 -73.965635  40.768614 0.5 -1 552 557
339 -73.985684  40.749083 0.5 -1 579 584
340 -73.961707  40.688765 0.5 -1 595 600
341 -73.965635  40.768614 0.5 -1 528 533
342 -73.978732  40.784025 0.5 -1 504 509
343 -73.973031  40.791783 0.5 -1 552 557
344  -73.96066  40.640806 0.5 -1 537 542
345  -73.87344  40.774851 0.5 -1 575 580
346 -73.965635  40.768614 0.5 -1 536 541
347 -73.997244  40.720832 0.5 -1 574 579
348 -73.919576  40.864459 0.5 -1 534 539
349 -73.916383   40.85371 0.5 -1 515 520
350 -73.932115  40.627947 0.5 -1 535 540
351 -74.028521  40.623593 0.5 -1 541 546
352 -73.972471   40.75684 0.5 -1 539 544
353 -73.972471   40.75684 0.5 -1 528 533
354  -73.87344  40.774851 0.5 -1 584 589
355 -73.977041  40.764387 0.5 -1 570 575
356 -73.957942  40.620074 0.5 -1 504 509
357  -73.98153  40.773659 0.5 -1 578 583
358 -73.829514  40.873436 0.5 -1 573 578
359 -74.007264  40.718576 0.5 -1 496 501
360 -73.957942  40.620074 0.5 -1 504 509
361 -73.982816  40.588917 0.5 -1 563 568
362  -73.98153  40.773659 0.5 -1 566 571
363  -73.87344  40.774851 0.5 -1 528 533
364 -73.972471   40.75684 0.5 -1 579 584
365 -73.808445  40.768657 0.5 -1 533 538
366 -73.880543  40.894773 0.5 -1 573 578
367 -73.882567   40.65882 0.5 -1 573 578
368 -73.901393  40.827988 0.5 -1 516 521
369 -73.957942  40.620074 0.5 -1 540 545
370 -74.011011  40.703279 0.5 -1 545 550
371 -73.922505  40.829183 0.5 -1 555 560
372 -73.965635  40.768614 0.5 -1 590 595
373 -73.916166  40.830608 0.5 -1 594 599
374 -73.830055   40.69268 0.5 -1 594 599
375 -73.978732  40.784025 0.5 -1 543 548
376 -73.901705   40.55894 0.5 -1 579 584
377 -73.916166  40.830608 0.5 -1 504 509
378 -73.911226  40.875598 0.5 -1 580 585
379 -73.985684  40.749083 0.5 -1 516 521
380  -73.98153  40.773659 0.5 -1 565 570
381 -73.982816  40.588917 0.5 -1 528 533
382 -73.957942  40.620074 0.5 -1 505 510
383 -73.823321  40.877408 0.5 -1 594 599
384  -73.98153  40.773659 0.5 -1 503 508
385 -73.937115   40.71445 0.5 -1 577 582
386  -73.87344  40.774851 0.5 -1 549 554
387  -73.98153  40.773659 0.5 -1 526 531
388 -74.100696  40.628387 0.5 -1 556 561
389 -73.951008  40.778766 0.5 -1 561 566
390 -73.945415  40.790479 0.5 -1 541 546
391 -74.169344  40.628762 0.5 -1 532 537
392 -73.882567   40.65882 0.5 -1 535 540
393 -73.973031  40.791783 0.5 -1 583 588
394 -73.916166  40.830608 0.5 -1 524 529
395 -73.922505  40.829183 0.5 -1 557 562
396 -73.972471   40.75684 0.5 -1 569 574
397 -73.882567   40.65882 0.5 -1 560 565
398 -73.978732  40.784025 0.5 -1 542 547
399 -73.997183  40.728533 0.5 -1 540 545
400 -73.916383   40.85371 0.5 -1 562 567
401 -73.922505  40.829183 0.5 -1 544 549
402 -73.965635  40.768614 0.5 -1 515 520
403 -73.985684  40.749083 0.5 -1 548 553
404 -73.916383   40.85371 0.5 -1 504 509
405 -73.957942  40.620074 0.5 -1 567 572
406 -73.988457  40.775785 0.5 -1 519 524
407 -73.988457  40.775785 0.5 -1 564 569
408 -73.922505  40.829183 0.5 -1 588 593
409 -73.965635  40.768614 0.5 -1 516 521
410 -73.972471   40.75684 0.5 -1 524 529
411 -73.965635  40.768614 0.5 -1 576 581
412 -73.959634  40.766952 0.5 -1 534 539
413 -73.985684  40.749083 0.5 -1 540 545
414 -73.973031  40.791783 0.5 -1 507 512
415 -74.028521  40.623593 0.5 -1 529 534
416  -73.92778  40.771421 0.5 -1 523 528
417 -73.892665   40.66715 0.5 -1 525 530
418 -73.982816  40.588917 0.5 -1 532 537
419 -73.978732  40.784025 0.5 -1 581 586
420 -73.972471   40.75684 0.5 -1 577 582
421 -73.880543  40.894773 0.5 -1 538 543
422 -73.932115  40.627947 0.5 -1 496 501
423 -73.807713  40.753778 0.5 -1 560 565
424 -73.880543  40.894773 0.5 -1 519 524
425 -73.829514  40.873436 0.5 -1 586 591
426 -73.808445  40.768657 0.5 -1 551 556
427 -73.924927  40.791459 0.5 -1 579 584
428 -73.932115  40.627947 0.5 -1 594 599
429 -73.972471   40.75684 0.5 -1 573 578
430  -73.87344  40.774851 0.5 -1 590 595
431 -73.932115  40.627947 0.5 -1 567 572
432 -73.849851  40.832613 0.5 -1 541 546
433 -73.916383   40.85371 0.5 -1 550 555
434 -73.736764  40.693361 0.5 -1 570 575
435 -73.977041  40.764387 0.5 -1 521 526
436 -73.983021    40.7153 0.5 -1 544 549
437 -73.808445  40.768657 0.5 -1 564 569
438 -73.959634  40.766952 0.5 -1 543 548
439 -73.977041  40.764387 0.5 -1 525 530
440 -73.959634  40.766952 0.5 -1 579 584
441 -73.988457  40.775785 0.5 -1 583 588
442 -73.922505  40.829183 0.5 -1 569 574
443 -73.961707  40.688765 0.5 -1 504 509
444 -73.916166  40.830608 0.5 -1 561 566
445 -73.808445  40.768657 0.5 -1 531 536