22  400  90  3  30
  0 -73.978194  40.639401 0.0  0 490 610
  1 -73.995258  40.678542 0.0  0 490 610
  2  -73.75395  40.743304 0.0  0 490 610
  3 -73.996022  40.696257 0.0  0 490 610
  4 -73.900826  40.704618 0.0  0 490 610
  5 -73.807713  40.753778 0.0  0 490 610
  6 -74.007239  40.706659 0.0  0 490 610
  7 -74.072566  40.599043 0.0  0 490 610
  8 -73.978732  40.784025 0.0  0 490 610
  9 -74.008677  40.725468 0.0  0 490 610
 10 -73.985315  40.727954 0.0  0 490 610
 11 -73.965434  40.782431 0.0  0 490 610
 12 -73.978194  40.639401 0.0  0 490 610
 13 -73.916383   40.85371 0.0  0 490 610
 14 -74.137434  40.625692 0.0  0 490 610
 15 -73.841037   40.57742 0.0  0 490 610
 16 -73.995258  40.678542 0.0  0 490 610
 17 -73.916166  40.830608 0.0  0 490 610
 18 -73.978194  40.639401 0.0  0 490 610
 19 -73.978194  40.639401 0.0  0 490 610
 20 -73.961707  40.688765 0.0  0 490 610
 21  -73.82063   40.67721 0.0  0 490 610
 22 -73.986472  40.685719 0.5  1 541 551
 23 -74.137434  40.625692 0.5  1 541 551
 24 -73.965635  40.768614 0.5  1 557 567
 25 -73.932115  40.627947 0.5  1 524 534
 26 -73.945415  40.790479 0.5  1 527 537
 27 -73.984196  40.759817 0.5  1 576 586
 28 -73.961707  40.688765 0.5  1 502 512
 29 -73.885594  40.813915 0.5  1 541 551
 30 -73.990457  40.740237 0.5  1 505 515
 31 -73.808445  40.768657 0.5  1 544 554
 32 -73.978732  40.784025 0.5  1 511 521
 33 -73.736368  40.760667 0.5  1 568 578
 34 -73.965635  40.768614 0.5  1 505 515
 35 -73.880543  40.894773 0.5  1 518 528
 36 -73.965635  40.768614 0.5  1 493 503
 37 -73.973031  40.791783 0.5  1 533 543
 38 -73.714486  40.743532 0.5  1 515 525
 39 -73.961707  40.688765 0.5  1 511 521
 40 -73.916166  40.830608 0.5  1 546 556
 41 -73.988457  40.775785 0.5  1 513 523
 42 -73.882567   40.65882 0.5  1 491 501
 43 -73.972471   40.75684 0.5  1 578 588
 44 -73.977041  40.764387 0.5  1 570 580
 45 -73.973031  40.791783 0.5  1 523 533
 46 -73.985315  40.727954 0.5  1 499 509
 47 -73.957942  40.620074 0.5  1 499 509
 48 -73.965635  40.768614 0.5  1 554 564
 49 -74.137434  40.625692 0.5  1 494 504
 50 -73.916166  40.830608 0.5  1 545 555
 51 -73.880543  40.894773 0.5  1 577 587
 52 -73.951008  40.778766 0.5  1 525 535
 53 -73.942966  40.820965 0.5  1 520 530
 54 -73.959634  40.766952 0.5  1 560 570
 55 -73.961707  40.688765 0.5  1 564 574
 56 -73.882567   40.65882 0.5  1 576 586
 57 -73.985684  40.749083 0.5  1 545 555
 58  -73.98153  40.773659 0.5  1 503 513
 59  -73.98153  40.773659 0.5  1 535 545
 60  -73.98153  40.773659 0.5  1 539 549
 61 -73.997183  40.728533 0.5  1 562 572
 62 -73.858082  40.837731 0.5  1 552 562
 63 -73.977041  40.764387 0.5  1 567 577
 64 -73.916383   40.85371 0.5  1 552 562
 65 -73.959634  40.766952 0.5  1 540 550
 66 -73.988457  40.775785 0.5  1 500 510
 67 -73.916166  40.830608 0.5  1 513 523
 68 -73.932115  40.627947 0.5  1 522 532
 69 -73.951008  40.778766 0.5  1 513 523
 70 -73.997183  40.728533 0.5  1 564 574
 71 -73.901393  40.827988 0.5  1 490 500
 72 -73.982816  40.588917 0.5  1 525 535
 73 -73.965635  40.768614 0.5  1 529 539
 74 -73.829514  40.873436 0.5  1 552 562
 75 -73.985684  40.749083 0.5  1 541 551
 76  -73.98153  40.773659 0.5  1 541 551
 77 -73.985684  40.749083 0.5  1 520 530
 78 -73.978732  40.784025 0.5  1 520 530
 79 -73.997183  40.728533 0.5  1 547 557
 80 -73.982816  40.588917 0.5  1 584 594
 81 -73.924927  40.791459 0.5  1 549 559
 82 -73.905394  40.865365 0.5  1 502 512
 83 -73.965635  40.768614 0.5  1 523 533
 84 -73.808445  40.768657 0.5  1 548 558
 85 -73.972471   40.75684 0.5  1 536 546
 86 -73.790208  40.596094 0.5  1 558 568
 87 -73.901393  40.827988 0.5  1 494 504
 88 -73.978732  40.784025 0.5  1 546 556
 89 -73.829514  40.873436 0.5  1 519 529
 90 -73.916166  40.830608 0.5  1 516 526
 91 -73.988457  40.775785 0.5  1 547 557
 92 -74.137434  40.625692 0.5  1 517 527
 93 -73.983021    40.7153 0.5  1 490 500
 94 -73.984196  40.759817 0.5  1 529 539
 95  -73.98153  40.773659 0.5  1 582 592
 96 -73.849851  40.832613 0.5  1 528 538
 97 -74.137434  40.625692 0.5  1 493 503
 98 -73.973031  40.791783 0.5  1 526 536
 99 -73.922505  40.829183 0.5  1 567 577
100 -73.988457  40.775785 0.5  1 523 533
101 -73.951008  40.778766 0.5  1 565 575
102 -73.770298  40.660283 0.5  1 516 526
103 -73.984196  40.759817 0.5  1 575 585
104 -73.932115  40.627947 0.5  1 492 502
105 -73.984196  40.759817 0.5  1 514 524
106 -74.137434  40.625692 0.5  1 560 570
107 -73.882567   40.65882 0.5  1 536 546
108 -73.961707  40.688765 0.5  1 530 540
109 -73.916166  40.830608 0.5  1 565 575
110 -73.965635  40.768614 0.5  1 493 503
111 -73.880543  40.894773 0.5  1 513 523
112  -73.99591  40.766568 0.5  1 495 505
113 -73.978732  40.784025 0.5  1 541 551
114  -73.98153  40.773659 0.5  1 493 503
115 -74.190442  40.532011 0.5  1 511 521
116 -74.007264  40.718576 0.5  1 514 524
117 -73.973031  40.791783 0.5  1 562 572
118 -73.930125  40.688713 0.5  1 519 529
119 -73.961707  40.688765 0.5  1 510 520
120 -73.965434  40.782431 0.5  1 502 512
121 -74.009958  40.653593 0.5  1 491 501
122 -73.916166  40.830608 0.5  1 513 523
123  -73.87344  40.774851 0.5  1 553 563
124 -73.978732  40.784025 0.5  1 571 581
125 -73.978732  40.784025 0.5  1 568 578
126 -73.951008  40.778766 0.5  1 511 521
127 -73.988457  40.775785 0.5  1 534 544
128 -73.997183  40.728533 0.5  1 557 567
129  -73.87344  40.774851 0.5  1 559 569
130 -73.982816  40.588917 0.5  1 515 525
131  -73.91396  40.818335 0.5  1 502 512
132 -74.012643   40.70912 0.5  1 515 525
133  -73.99013    40.6286 0.5  1 553 563
134 -74.137434  40.625692 0.5  1 528 538
135 -73.978732  40.784025 0.5  1 519 529
136 -73.965635  40.768614 0.5  1 538 548
137 -73.951008  40.778766 0.5  1 524 534
138 -73.992434  40.748496 0.5  1 499 509
139 -73.982816  40.588917 0.5  1 539 549
140 -73.880543  40.894773 0.5  1 574 584
141  -73.99013    40.6286 0.5  1 558 568
142 -73.937115   40.71445 0.5  1 568 578
143 -73.743749  40.677865 0.5  1 515 525
144 -73.937115   40.71445 0.5  1 522 532
145 -73.951008  40.778766 0.5  1 508 518
146 -73.977041  40.764387 0.5  1 572 582
147 -73.997244  40.720832 0.5  1 532 542
148 -73.965635  40.768614 0.5  1 547 557
149 -73.951008  40.778766 0.5  1 496 506
150 -73.965635  40.768614 0.5  1 535 545
151  -73.87344  40.774851 0.5  1 539 549
152 -73.961707  40.688765 0.5  1 525 535
153 -73.951008  40.778766 0.5  1 522 532
154 -73.829514  40.873436 0.5  1 502 512
155 -73.984196  40.759817 0.5  1 543 553
156 -73.951008  40.778766 0.5  1 560 570
157 -74.230644  40.527316 0.5  1 568 578
158 -73.973031  40.791783 0.5  1 515 525
159 -73.916166  40.830608 0.5  1 552 562
160 -74.137434  40.625692 0.5  1 499 509
161 -73.984196  40.759817 0.5  1 522 532
162 -73.901393  40.827988 0.5  1 556 566
163 -73.990457  40.740237 0.5  1 546 556
164 -73.977041  40.764387 0.5  1 498 508
165 -73.973031  40.791783 0.5  1 508 518
166 -73.880543  40.894773 0.5  1 537 547
167 -73.965635  40.768614 0.5  1 546 556
168 -73.988457  40.775785 0.5  1 557 567
169 -73.945636   40.66728 0.5  1 546 556
170 -73.916166  40.830608 0.5  1 571 581
171 -73.954055  40.817519 0.5  1 534 544
172 -73.870401   40.82829 0.5  1 582 592
173 -73.916166  40.830608 0.5  1 554 564
174 -74.230644  40.527316 0.5  1 518 528
175 -74.137434  40.625692 0.5  1 504 514
176  -73.98153  40.773659 0.5  1 496 506
177 -73.959634  40.766952 0.5  1 499 509
178 -73.973031  40.791783 0.5  1 554 564
179 -73.808445  40.768657 0.5  1 502 512
180 -73.973031  40.791783 0.5  1 524 534
181 -73.986472  40.685719 0.5  1 558 568
182 -73.922505  40.829183 0.5  1 497 507
183 -74.137434  40.625692 0.5  1 519 529
184 -73.965635  40.768614 0.5  1 557 567
185 -73.997183  40.728533 0.5  1 550 560
186 -74.137434  40.625692 0.5  1 528 538
187 -73.714486  40.743532 0.5  1 536 546
188 -73.988457  40.775785 0.5  1 541 551
189 -73.959634  40.766952 0.5  1 550 560
190 -73.957942  40.620074 0.5  1 506 516
191 -73.978732  40.784025 0.5  1 582 592
192 -73.965635  40.768614 0.5  1 530 540
193 -73.996971  40.742283 0.5  1 530 540
194 -73.900826  40.704618 0.5  1 514 524
195 -73.997244  40.720832 0.5  1 549 559
196 -73.990457  40.740237 0.5  1 578 588
197 -74.137434  40.625692 0.5  1 512 522
198 -73.997244  40.720832 0.5  1 510 520
199 -73.961707  40.688765 0.5  1 515 525
200 -74.188371  40.579422 0.5  1 556 566
201 -73.978732  40.784025 0.5  1 539 549
202 -73.882567   40.65882 0.5  1 538 548
203 -74.002947  40.641535 0.5  1 512 522
204 -73.916166  40.830608 0.5  1 582 592
205 -73.997244  40.720832 0.5  1 576 586
206 -74.028521  40.623593 0.5  1 515 525
207 -73.882567   40.65882 0.5  1 514 524
208 -73.932115  40.627947 0.5  1 570 580
209 -73.792412  40.703279 0.5  1 562 572
210 -73.916166  40.830608 0.5  1 522 532
211 -73.986472  40.685719 0.5  1 499 509
212 -73.916166  40.830608 0.5  1 504 514
213 -74.072355  40.620231 0.5  1 573 583
214 -73.965434  40.782431 0.5  1 493 503
215  -73.87344  40.774851 0.5  1 573 583
216 -73.990457  40.740237 0.5  1 547 557
217 -74.007264  40.718576 0.5  1 556 566
218 -73.961707  40.688765 0.5  1 514 524
219 -73.880543  40.894773 0.5  1 540 550
220 -73.982816  40.588917 0.5  1 524 534
221 -73.978732  40.784025 0.5  1 561 571
222 -73.870401   40.82829 0.0  0 592 607
223  -73.87344  40.774851 0.0  0 579 594
224 -73.892665   40.66715 0.0  0 555 570
225 -73.961707  40.688765 0.0  0 579 594
226  -73.96998  40.749124 0.0  0 593 608
227 -73.990664  40.719102 0.0  0 555 570
228 -73.996971  40.742283 0.0  0 556 571
229 -74.011011  40.703279 0.0  0 558 573
230   -73.8248  40.604909 0.0  0 574 589
231 -73.977648  40.747725 0.0  0 586 601
232 -73.755904  40.602582 0.0  0 564 579
233 -74.009958  40.653593 0.0  0 551 566
234 -73.972471   40.75684 0.0  0 573 588
235 -73.822478  40.610824 0.0  0 587 602
236 -73.934105    40.7544 0.0  0 565 580
237 -73.996971  40.742283 0.0  0 559 574
238  -73.87344  40.774851 0.0  0 584 599
239 -73.978194  40.639401 0.0  0 586 601
240  -73.96066  40.640806 0.0  0 562 577
241 -73.949629  40.746582 0.0  0 572 587
242  -73.76343  40.691703 0.0  0 586 601
243 -73.985684  40.749083 0.0  0 575 590
244 -73.942966  40.820965 0.5 -1 550 560
245 -73.916166  40.830608 0.5 -1 545 555
246 -73.882567   40.65882 0.5 -1 562 572
247 -73.885594  40.813915 0.5 -1 529 539
248 -73.973031  40.791783 0.5 -1 542 552
249 -73.808445  40.768657 0.5 -1 581 591
250 -73.937115   40.71445 0.5 -1 521 531
251 -73.922505  40.829183 0.5 -1 552 562
252 -73.808445  40.768657 0.5 -1 508 518
253 -73.973031  40.791783 0.5 -1 549 559
254 -73.985684  40.749083 0.5 -1 521 531
255 -73.736368  40.760667 0.5 -1 577 587
256 -73.977041  40.764387 0.5 -1 512 522
257 -73.988457  40.775785 0.5 -1 520 530
258 -73.954055  40.817519 0.5 -1 503 513
259 -73.977041  40.764387 0.5 -1 539 549
260 -73.965635  40.768614 0.5 -1 535 545
261 -73.965635  40.768614 0.5 -1 528 538
262 -74.028521  40.623593 0.5 -1 559 569
263 -74.230644  40.527316 0.5 -1 525 535
264 -73.978732  40.784025 0.5 -1 505 515
265  -73.87344  40.774851 0.5 -1 581 591
266 -73.982816  40.588917 0.5 -1 573 583
267 -73.965635  40.768614 0.5 -1 529 539
268 -73.959634  40.766952 0.5 -1 519 529
269 -73.942966  40.820965 0.5 -1 531 541
270 -73.983021    40.7153 0.5 -1 578 588
271 -73.982816  40.588917 0.5 -1 498 508
272 -73.982816  40.588917 0.5 -1 558 568
273 -73.965635  40.768614 0.5 -1 587 597
274 -73.959634  40.766952 0.5 -1 529 539
275  -73.75395  40.743304 0.5 -1 550 560
276  -73.98153  40.773659 0.5 -1 570 580
277 -74.100696  40.628387 0.5 -1 582 592
278 -73.901393  40.827988 0.5 -1 589 599
279 -73.880543  40.894773 0.5 -1 554 564
280 -73.977041  40.764387 0.5 -1 510 520
281 -73.973031  40.791783 0.5 -1 542 552
282 -73.985684  40.749083 0.5 -1 546 556
283 -73.965635  40.768614 0.5 -1 581 591
284  -73.98725  40.701703 0.5 -1 562 572
285 -73.985684  40.749083 0.5 -1 572 582
286 -73.972471   40.75684 0.5 -1 561 571
287 -73.973031  40.791783 0.5 -1 546 556
288 -73.959634  40.766952 0.5 -1 510 520
289 -73.916166  40.830608 0.5 -1 520 530
290 -74.007264  40.718576 0.5 -1 526 536
291 -73.990457  40.740237 0.5 -1 521 531
292 -73.972471   40.75684 0.5 -1 579 589
293 -73.973031  40.791783 0.5 -1 505 515
294 -73.957942  40.620074 0.5 -1 530 540
295 -73.959634  40.766952 0.5 -1 538 548
296  -73.87344  40.774851 0.5 -1 577 587
297 -73.997244  40.720832 0.5 -1 545 555
298 -73.880543  40.894773 0.5 -1 552 562
299 -73.986472  40.685719 0.5 -1 537 547
300 -73.988457  40.775785 0.5 -1 528 538
301 -73.949629  40.746582 0.5 -1 553 563
302  -73.87344  40.774851 0.5 -1 589 599
303 -73.924927  40.791459 0.5 -1 553 563
304 -74.188371  40.579422 0.5 -1 512 522
305 -73.959634  40.766952 0.5 -1 540 550
306 -73.965635  40.768614 0.5 -1 563 573
307 -73.985684  40.749083 0.5 -1 539 549
308 -73.985684  40.749083 0.5 -1 585 595
309 -73.954055  40.817519 0.5 -1 497 507
310 -73.986472  40.685719 0.5 -1 553 563
311 -73.922505  40.829183 0.5 -1 524 534
312 -73.972471   40.75684 0.5 -1 520 530
313 -73.880543  40.894773 0.5 -1 553 563
314 -73.916383   40.85371 0.5 -1 521 531
315 -73.916166  40.830608 0.5 -1 498 508
316 -73.957942  40.620074 0.5 -1 543 553
317 -74.230644  40.527316 0.5 -1 588 598
318 -73.965635  40.768614 0.5 -1 546 556
319  -73.98153  40.773659 0.5 -1 509 519
320 -73.965635  40.768614 0.5 -1 529 539
321 -73.916383   40.85371 0.5 -1 575 585
322 -73.922505  40.829183 0.5 -1 534 544
323 -73.985684  40.749083 0.5 -1 576 586
324   -73.9853   40.69535 0.5 -1 543 553
325 -73.965635  40.768614 0.5 -1 582 592
326 -73.829514  40.873436 0.5 -1 501 511
327 -73.714486  40.743532 0.5 -1 525 535
328 -73.961707  40.688765 0.5 -1 563 573
329 -73.973031  40.791783 0.5 -1 549 559
330 -73.885594  40.813915 0.5 -1 542 552
331 -73.961707  40.688765 0.5 -1 574 584
332 -73.965635  40.768614 0.5 -1 494 504
333 -73.988457  40.775785 0.5 -1 519 529
334 -73.892665   40.66715 0.5 -1 522 532
335 -73.988457  40.775785 0.5 -1 552 562
336 -74.230644  40.527316 0.5 -1 498 508
337  -73.82063   40.67721 0.5 -1 535 545
338 -73.959634  40.766952 0.5 -1 533 543
339 -73.965434  40.782431 0.5 -1 589 599
340 -74.011011  40.703279 0.5 -1 531 541
341 -73.946428  40.606329 0.5 -1 531 541
342 -73.892665   40.66715 0.5 -1 538 548
343 -74.009958  40.653593 0.5 -1 498 508
344 -73.972471   40.75684 0.5 -1 520 530
345 -73.949629  40.746582 0.5 -1 568 578
346 -74.100696  40.628387 0.5 -1 584 594
347 -73.965635  40.768614 0.5 -1 572 582
348 -73.984196  40.759817 0.5 -1 521 531
349 -73.978732  40.784025 0.5 -1 546 556
350 -73.997183  40.728533 0.5 -1 561 571
351 -73.916383   40.85371 0.5 -1 568 578
352  -73.87344  40.774851 0.5 -1 517 527
353 -73.916383   40.85371 0.5 -1 510 520
354 -73.898651  40.819065 0.5 -1 526 536
355  -73.99013    40.6286 0.5 -1 558 568
356 -73.932115  40.627947 0.5 -1 530 540
357 -73.880543  40.894773 0.5 -1 521 531
358 -73.880543  40.894773 0.5 -1 545 555
359 -73.973031  40.791783 0.5 -1 529 539
360 -73.996506  40.686459 0.5 -1 509 519
361 -73.977041  40.764387 0.5 -1 550 560
362 -74.230644  40.527316 0.5 -1 578 588
363 -73.983021    40.7153 0.5 -1 567 577
364 -73.808445  40.768657 0.5 -1 577 587
365 -73.970355  40.617636 0.5 -1 553 563
366 -73.916383   40.85371 0.5 -1 528 538
367 -73.957942  40.620074 0.5 -1 521 531
368 -73.957942  40.620074 0.5 -1 577 587
369  -73.98153  40.773659 0.5 -1 549 559
370 -73.959634  40.766952 0.5 -1 556 566
371 -73.973031  40.791783 0.5 -1 502 512
372 -74.137434  40.625692 0.5 -1 550 560
373 -73.977041  40.764387 0.5 -1 548 558
374 -73.961707  40.688765 0.5 -1 527 537
375 -73.972471   40.75684 0.5 -1 530 540
376 -73.714486  40.743532 0.5 -1 509 519
377 -73.972471   40.75684 0.5 -1 553 563
378 -73.922505  40.829183 0.5 -1 585 595
379 -73.954055  40.817519 0.5 -1 585 595
380 -73.973031  40.791783 0.5 -1 522 532
381 -73.932115  40.627947 0.5 -1 555 565
382 -74.137434  40.625692 0.5 -1 501 511
383 -73.994968  40.732225 0.5 -1 542 552
384 -73.942966  40.820965 0.5 -1 562 572
385  -73.98153  40.773659 0.5 -1 557 567
386 -73.922505  40.829183 0.5 -1 512 522
387  -73.98153  40.773659 0.5 -1 516 526
388 -73.880543  40.894773 0.5 -1 546 556
389 -73.808445  40.768657 0.5 -1 561 571
390 -73.972471   40.75684 0.5 -1 561 571
391 -73.785274  40.784888 0.5 -1 578 588
392 -73.932115  40.627947 0.5 -1 577 587
393 -73.965635  40.768614 0.5 -1 539 549
394 -73.983021    40.7153 0.5 -1 589 599
395 -73.829514  40.873436 0.5 -1 561 571
396 -73.977041  40.764387 0.5 -1 524 534
397 -73.985684  40.749083 0.5 -1 512 522
398  -73.96066  40.640806 0.5 -1 519 529
399 -73.973031  40.791783 0.5 -1 507 517
400 -73.977041  40.764387 0.5 -1 557 567
401 -73.977041  40.764387 0.5 -1 510 520
402  -73.98153  40.773659 0.5 -1 528 538
403 -74.230644  40.527316 0.5 -1 563 573
404 -74.028521  40.623593 0.5 -1 508 518
405 -73.916166  40.830608 0.5 -1 522 532
406 -73.978732  40.784025 0.5 -1 571 581
407 -73.714486  40.743532 0.5 -1 560 570
408 -73.870401   40.82829 0.5 -1 541 551
409 -73.972471   40.75684 0.5 -1 539 549
410 -73.922505  40.829183 0.5 -1 554 564
411  -73.98153  40.773659 0.5 -1 554 564
412 -73.972471   40.75684 0.5 -1 511 521
413 -73.965635  40.768614 0.5 -1 589 599
414 -73.965635  40.768614 0.5 -1 533 543
415 -74.087322  40.620123 0.5 -1 562 572
416 -73.820817  40.729528 0.5 -1 522 532
417 -73.988457  40.775785 0.5 -1 555 565
418  -73.87344  40.774851 0.5 -1 581 591
419 -73.946428  40.606329 0.5 -1 525 535
420 -73.997244  40.720832 0.5 -1 511 521
421 -74.137434  40.625692 0.5 -1 525 535
422 -73.830055   40.69268 0.5 -1 585 595
423 -73.880543  40.894773 0.5 -1 545 555
424 -73.945415  40.790479 0.5 -1 544 554
425 -73.961707  40.688765 0.5 -1 529 539
426 -73.961707  40.688765 0.5 -1 586 596
427 -73.978732  40.784025 0.5 -1 583 593
428 -73.808445  40.768657 0.5 -1 530 540
429 -73.977041  40.764387 0.5 -1 535 545
430 -73.983021    40.7153 0.5 -1 578 588
431 -73.964536  40.599928 0.5 -1 585 595
432 -74.007264  40.718576 0.5 -1 530 540
433 -73.978732  40.784025 0.5 -1 501 511
434 -74.011011  40.703279 0.5 -1 522 532
435 -74.100696  40.628387 0.5 -1 585 595
436 -73.882201  40.718563 0.5 -1 505 515
437 -73.977041  40.764387 0.5 -1 579 589
438 -73.916383   40.85371 0.5 -1 556 566
439 -73.988457  40.775785 0.5 -1 560 570
440 -73.965635  40.768614 0.5 -1 532 542
441 -74.100696  40.628387 0.5 -1 556 566
442 -73.982816  40.588917 0.5 -1 530 540
443 -73.743749  40.677865 0.5 -1 583 593