1  20  90  3  30
 0 -73.841037   40.57742 0.0  0 490 610
 1 -73.988457  40.775785 0.5  1 508 518
 2 -73.790208  40.596094 0.5  1 527 537
 3 -73.973031  40.791783 0.5  1 524 534
 4 -73.985684  40.749083 0.5  1 518 528
 5  -73.98153  40.773659 0.5  1 509 519
 6 -73.964997  40.756574 0.5  1 502 512
 7 -73.922505  40.829183 0.5  1 539 549
 8 -73.973031  40.791783 0.5  1 522 532
 9 -73.932115  40.627947 0.5  1 524 534
10 -73.973031  40.791783 0.5  1 526 536
11 -73.996971  40.742283 0.0  0 572 587
12 -73.961707  40.688765 0.5 -1 513 523
13 -73.965635  40.768614 0.5 -1 548 558
14 -73.882567   40.65882 0.5 -1 534 544
15 -73.972471   40.75684 0.5 -1 524 534
16 -73.965635  40.768614 0.5 -1 517 527
17 -73.964997  40.756574 0.5 -1 506 516
18 -73.957942  40.620074 0.5 -1 553 563
19 -73.880543  40.894773 0.5 -1 537 547
20 -73.885594  40.813915 0.5 -1 529 539
21 -73.965635  40.768614 0.5 -1 533 543