2  30  90  3  30
 0  -73.75395  40.743304 0.0  0 490 610
 1 -73.772985  40.720452 0.0  0 490 610
 2 -73.976981   40.73171 0.5  1 556 561
 3 -73.965635  40.768614 0.5  1 550 555
 4 -73.942966  40.820965 0.5  1 501 506
 5 -73.942966  40.820965 0.5  1 581 586
 6 -73.808445  40.768657 0.5  1 503 508
 7  -73.98153  40.773659 0.5  1 527 532
 8 -73.743749  40.677865 0.5  1 576 581
 9 -73.988457  40.775785 0.5  1 545 550
10 -73.869384   40.69578 0.5  1 541 546
11 -73.954055  40.817519 0.5  1 537 542
12  -73.98153  40.773659 0.5  1 549 554
13 -73.880543  40.894773 0.5  1 551 556
14 -73.916166  40.830608 0.5  1 500 505
15 -74.137434  40.625692 0.5  1 544 549
16 -73.997183  40.728533 0.5  1 501 506
17 -73.892665   40.66715 0.0  0 565 580
18 -73.878111  40.738475 0.0  0 553 568
19 -73.959634  40.766952 0.5 -1 583 588
20 -73.985684  40.749083 0.5 -1 558 563
21 -73.954055  40.817519 0.5 -1 507 512
22 -73.882567   40.65882 0.5 -1 589 594
23 -73.972471   40.75684 0.5 -1 508 513
24 -73.977041  40.764387 0.5 -1 535 540
25 -73.772985  40.720452 0.5 -1 590 595
26 -73.997244  40.720832 0.5 -1 550 555
27 -73.959634  40.766952 0.5 -1 566 571
28 -73.965635  40.768614 0.5 -1 542 547
29 -73.959634  40.766952 0.5 -1 550 555
30 -73.972471   40.75684 0.5 -1 561 566
31 -73.972471   40.75684 0.5 -1 509 514
32 -73.916166  40.830608 0.5 -1 548 553
33 -73.916166  40.830608 0.5 -1 509 514