1  20  90  3  30
 0 -73.985315  40.727954 0.0  0 490 610
 1 -73.997183  40.728533 0.5  1 510 515
 2 -73.990457  40.740237 0.5  1 566 571
 3 -74.002947  40.641535 0.5  1 564 569
 4 -73.961707  40.688765 0.5  1 532 537
 5 -74.137434  40.625692 0.5  1 522 527
 6 -74.007264  40.718576 0.5  1 539 544
 7 -73.977041  40.764387 0.5  1 575 580
 8 -73.882567   40.65882 0.5  1 499 504
 9 -73.808445  40.768657 0.5  1 539 544
10 -73.743749  40.677865 0.5  1 563 568
11 -73.755904  40.602582 0.0  0 578 593
12 -73.916166  40.830608 0.5 -1 518 523
13 -73.973031  40.791783 0.5 -1 573 578
14 -73.965635  40.768614 0.5 -1 589 594
15 -73.808445  40.768657 0.5 -1 538 543
16 -73.808445  40.768657 0.5 -1 526 531
17 -73.916383   40.85371 0.5 -1 552 557
18 -73.957942  40.620074 0.5 -1 580 585
19 -73.965635  40.768614 0.5 -1 505 510
20 -73.982816  40.588917 0.5 -1 551 556
21 -73.790208  40.596094 0.5 -1 594 599