1  30  90  3  30
 0 -73.965434  40.782431 0.0  0 490 610
 1 -73.997244  40.720832 0.5  1 528 538
 2 -73.965635  40.768614 0.5  1 496 506
 3 -73.916383   40.85371 0.5  1 518 528
 4 -73.882567   40.65882 0.5  1 508 518
 5 -73.984196  40.759817 0.5  1 515 525
 6 -73.973031  40.791783 0.5  1 561 571
 7 -73.892665   40.66715 0.5  1 521 531
 8  -73.87344  40.774851 0.5  1 573 583
 9 -73.973031  40.791783 0.5  1 537 547
10  -73.98153  40.773659 0.5  1 493 503
11 -73.961707  40.688765 0.5  1 502 512
12  -73.96998  40.749124 0.5  1 580 590
13 -73.772985  40.720452 0.5  1 492 502
14  -73.87344  40.774851 0.5  1 558 568
15 -73.957942  40.620074 0.5  1 521 531
16 -74.009958  40.653593 0.0  0 563 578
17 -73.978732  40.784025 0.5 -1 535 545
18 -73.916383   40.85371 0.5 -1 512 522
19 -73.982816  40.588917 0.5 -1 523 533
20 -73.954055  40.817519 0.5 -1 516 526
21  -73.87344  40.774851 0.5 -1 523 533
22 -73.959634  40.766952 0.5 -1 568 578
23 -73.807713  40.753778 0.5 -1 538 548
24 -73.961707  40.688765 0.5 -1 587 597
25 -73.988457  40.775785 0.5 -1 546 556
26 -73.965635  40.768614 0.5 -1 501 511
27 -73.937115   40.71445 0.5 -1 521 531
28  -73.96998  40.749124 0.5 -1 586 596
29 -73.960624  40.582514 0.5 -1 493 503
30 -73.916383   40.85371 0.5 -1 567 577
31 -73.972471   40.75684 0.5 -1 526 536