2  20  90  3  30
 0 -73.916383   40.85371 0.0  0 490 610
 1 -74.072566  40.599043 0.0  0 490 610
 2 -73.957942  40.620074 0.5  1 529 539
 3 -73.973031  40.791783 0.5  1 531 541
 4 -73.965635  40.768614 0.5  1 550 560
 5 -73.983021    40.7153 0.5  1 524 534
 6 -73.973031  40.791783 0.5  1 581 591
 7 -74.137434  40.625692 0.5  1 528 538
 8 -73.985684  40.749083 0.5  1 545 555
 9 -73.789623  40.642704 0.5  1 529 539
10 -73.954055  40.817519 0.5  1 501 511
11 -73.973031  40.791783 0.5  1 566 576
12 -73.822478  40.610824 0.0  0 563 578
13 -74.011011  40.703279 0.0  0 570 585
14 -73.983021    40.7153 0.5 -1 541 551
15 -73.959634  40.766952 0.5 -1 540 550
16 -73.985684  40.749083 0.5 -1 558 568
17 -74.007264  40.718576 0.5 -1 540 550
18 -73.977041  40.764387 0.5 -1 585 595
19 -73.870401   40.82829 0.5 -1 541 551
20 -73.880543  40.894773 0.5 -1 554 564
21  -74.00751  40.604014 0.5 -1 549 559
22 -73.977041  40.764387 0.5 -1 531 541
23 -73.977041  40.764387 0.5 -1 569 579