1  30  90  3  30
 0 -73.978194  40.639401 0.0  0 490 610
 1 -73.951008  40.778766 0.5  1 523 528
 2 -73.965635  40.768614 0.5  1 524 529
 3 -73.978732  40.784025 0.5  1 588 593
 4 -74.007264  40.718576 0.5  1 573 578
 5 -73.932115  40.627947 0.5  1 529 534
 6 -73.982816  40.588917 0.5  1 502 507
 7 -73.977041  40.764387 0.5  1 547 552
 8 -74.137434  40.625692 0.5  1 509 514
 9 -73.973031  40.791783 0.5  1 540 545
10  -73.87344  40.774851 0.5  1 558 563
11 -73.977041  40.764387 0.5  1 559 564
12  -73.91396  40.818335 0.5  1 560 565
13 -73.973031  40.791783 0.5  1 562 567
14 -73.942966  40.820965 0.5  1 518 523
15 -73.988457  40.775785 0.5  1 506 511
16 -73.978732  40.784025 0.0  0 578 593
17 -73.972471   40.75684 0.5 -1 533 538
18 -74.230644  40.527316 0.5 -1 531 536
19 -73.882567   40.65882 0.5 -1 593 598
20 -73.983021    40.7153 0.5 -1 593 598
21 -73.982816  40.588917 0.5 -1 537 542
22 -73.982816  40.588917 0.5 -1 502 507
23 -73.997244  40.720832 0.5 -1 563 568
24 -73.972471   40.75684 0.5 -1 517 522
25 -73.973031  40.791783 0.5 -1 545 550
26 -73.934105    40.7544 0.5 -1 568 573
27 -73.985684  40.749083 0.5 -1 566 571
28  -73.91396  40.818335 0.5 -1 561 566
29 -73.978732  40.784025 0.5 -1 568 573
30 -73.882567   40.65882 0.5 -1 543 548
31 -73.961707  40.688765 0.5 -1 510 515