2  30  90  3  30
 0 -73.978194  40.639401 0.0  0 490 610
 1 -73.968127   40.67722 0.0  0 490 610
 2 -73.978732  40.784025 0.5  1 557 567
 3 -73.968127   40.67722 0.5  1 493 503
 4 -74.230644  40.527316 0.5  1 496 506
 5 -73.978732  40.784025 0.5  1 559 569
 6 -73.916166  40.830608 0.5  1 502 512
 7 -73.922505  40.829183 0.5  1 545 555
 8 -73.880543  40.894773 0.5  1 512 522
 9 -73.959634  40.766952 0.5  1 508 518
10 -74.137434  40.625692 0.5  1 548 558
11 -73.978732  40.784025 0.5  1 526 536
12 -74.137434  40.625692 0.5  1 504 514
13 -73.808445  40.768657 0.5  1 525 535
14 -74.007264  40.718576 0.5  1 578 588
15 -73.983021    40.7153 0.5  1 570 580
16 -73.880543  40.894773 0.5  1 576 586
17 -74.100696  40.628387 0.0  0 591 606
18 -73.942966  40.820965 0.0  0 550 565
19 -74.230644  40.527316 0.5 -1 570 580
20 -73.920427  40.696297 0.5 -1 519 529
21 -73.972471   40.75684 0.5 -1 507 517
22 -73.985684  40.749083 0.5 -1 579 589
23 -73.870401   40.82829 0.5 -1 512 522
24 -73.965635  40.768614 0.5 -1 567 577
25 -73.965635  40.768614 0.5 -1 524 534
26  -73.98153  40.773659 0.5 -1 512 522
27  -73.98153  40.773659 0.5 -1 571 581
28 -73.954055  40.817519 0.5 -1 529 539
29 -73.985684  40.749083 0.5 -1 509 519
30 -74.087322  40.620123 0.5 -1 534 544
31 -73.972471   40.75684 0.5 -1 583 593
32 -73.982816  40.588917 0.5 -1 587 597
33 -73.972471   40.75684 0.5 -1 585 595