2  20  90  3  30
 0 -73.978194  40.639401 0.0  0 490 610
 1 -73.978194  40.639401 0.0  0 490 610
 2 -73.954055  40.817519 0.5  1 524 529
 3 -73.997244  40.720832 0.5  1 574 579
 4 -73.978732  40.784025 0.5  1 582 587
 5 -74.002947  40.641535 0.5  1 563 568
 6 -73.728611  40.736737 0.5  1 556 561
 7 -73.997183  40.728533 0.5  1 565 570
 8 -73.959634  40.766952 0.5  1 501 506
 9 -73.997183  40.728533 0.5  1 567 572
10 -74.028521  40.623593 0.5  1 536 541
11 -73.961707  40.688765 0.5  1 530 535
12  -73.96066  40.640806 0.0  0 568 583
13 -73.972471   40.75684 0.0  0 585 600
14 -73.978732  40.784025 0.5 -1 527 532
15 -73.988457  40.775785 0.5 -1 580 585
16 -74.007264  40.718576 0.5 -1 594 599
17 -74.002947  40.641535 0.5 -1 566 571
18 -73.873306  40.834681 0.5 -1 569 574
19 -73.965635  40.768614 0.5 -1 584 589
20 -73.959634  40.766952 0.5 -1 504 509
21 -73.743749  40.677865 0.5 -1 590 595
22 -73.985684  40.749083 0.5 -1 553 558
23 -73.983021    40.7153 0.5 -1 557 562